x	"NC0"
0		2795.000000
1		2793.000000
2		2789.000000
3		2789.000000
4		2785.000000
5		2782.000000
6		2778.000000
7		2775.000000
8		2774.000000
9		2774.000000
10		2770.000000
11		2769.000000
12		2768.000000
13		2767.000000
14		2767.000000
15		2766.000000
16		2764.000000
17		2764.000000
18		2763.000000
19		2763.000000
20		2763.000000
21		2762.000000
22		2761.000000
23		2760.000000
24		2759.000000
25		2759.000000
26		2758.000000
27		2756.000000
28		2755.000000
29		2752.000000
30		2752.000000
31		2751.000000
32		2751.000000
33		2751.000000
34		2750.000000
35		2750.000000
36		2750.000000
37		2750.000000
38		2750.000000
39		2749.000000
40		2749.000000
41		2749.000000
42		2748.000000
43		2748.000000
44		2748.000000
45		2747.000000
46		2747.000000
47		2745.000000
48		2743.000000
49		2738.000000
50		2734.000000
51		2732.000000
52		2728.000000
53		2722.000000
54		2715.000000
55		2713.000000
56		2713.000000
57		2711.000000
58		2710.000000
59		2709.000000
60		2708.000000
61		2703.000000
62		2703.000000
63		2703.000000
64		2703.000000
65		2703.000000
66		2703.000000
67		2703.000000
68		2703.000000
69		2703.000000
70		2703.000000
71		2703.000000
72		2703.000000
73		2703.000000
74		2703.000000
75		2703.000000
76		2703.000000
77		2703.000000
78		2703.000000
79		2703.000000
80		2703.000000
81		2703.000000
82		2703.000000
83		2703.000000
84		2703.000000
85		2703.000000
86		2703.000000
87		2703.000000
88		2703.000000
89		2703.000000
90		2703.000000
91		2703.000000
92		2703.000000
93		2703.000000
94		2703.000000
95		2703.000000
96		2703.000000
97		2704.000000
98		2704.000000
99		2704.000000
100		2704.000000
101		2704.000000
102		2704.000000
103		2704.000000
104		2704.000000
105		2704.000000
106		2704.000000
107		2704.000000
108		2704.000000
109		2704.000000
110		2704.000000
111		2704.000000
112		2704.000000
113		2704.000000
114		2704.000000
115		2704.000000
116		2704.000000
117		2704.000000
118		2704.000000
119		2704.000000
120		2704.000000
121		2704.000000
122		2704.000000
123		2704.000000
124		2704.000000
125		2704.000000
126		2704.000000
127		2704.000000
128		2704.000000
129		2704.000000
130		2704.000000
131		2704.000000
132		2704.000000
133		2704.000000
134		2704.000000
135		2704.000000
136		2704.000000
137		2704.000000
138		2704.000000
139		2704.000000
140		2704.000000
141		2704.000000
142		2704.000000
143		2704.000000
144		2704.000000
145		2704.000000
146		2704.000000
147		2704.000000
148		2704.000000
149		2704.000000
150		2704.000000
151		2704.000000
152		2704.000000
153		2700.000000
154		2693.000000
155		2702.000000
156		2701.000000
157		2699.000000
158		2700.000000
159		2700.000000
160		2700.000000
161		2700.000000
162		2700.000000
163		2700.000000
164		2700.000000
165		2700.000000
166		2700.000000
167		2700.000000
168		2703.000000
169		2703.000000
170		2703.000000
171		2703.000000
172		2703.000000
173		2703.000000
174		2703.000000
175		2703.000000
176		2703.000000
177		2703.000000
178		2703.000000
179		2703.000000
180		2703.000000
181		2703.000000
182		2703.000000
183		2703.000000
184		2704.000000
185		2704.000000
186		2704.000000
187		2704.000000
188		2704.000000
189		2704.000000
190		2704.000000
191		2704.000000
192		2704.000000
193		2704.000000
194		2704.000000
195		2704.000000
196		2704.000000
197		2704.000000
198		2704.000000
199		2704.000000
200		2704.000000
201		2704.000000
202		2704.000000
203		2704.000000
204		2704.000000
205		2704.000000
206		2704.000000
207		2704.000000
208		2704.000000
209		2704.000000
210		2704.000000
211		2704.000000
212		2704.000000
213		2704.000000
214		2704.000000
215		2704.000000
216		2704.000000
217		2704.000000
218		2704.000000
219		2704.000000
220		2704.000000
221		2704.000000
222		2704.000000
223		2704.000000
224		2704.000000
225		2704.000000
226		2704.000000
227		2704.000000
228		2704.000000
229		2704.000000
230		2704.000000
231		2704.000000
232		2704.000000
233		2704.000000
234		2704.000000
235		2704.000000
236		2704.000000
237		2704.000000
238		2704.000000
239		2704.000000
240		2704.000000
241		2704.000000
242		2704.000000
243		2704.000000
244		2704.000000
245		2704.000000
246		2704.000000
247		2704.000000
248		2704.000000
249		2704.000000
250		2704.000000
251		2704.000000
252		2704.000000
253		2704.000000
254		2704.000000
255		2704.000000
256		2704.000000
257		2704.000000
258		2704.000000
259		2704.000000
260		2704.000000
261		2704.000000
262		2704.000000
263		2704.000000
264		2704.000000
265		2704.000000
266		2704.000000
267		2704.000000
268		2704.000000
269		2704.000000
270		2704.000000
271		2704.000000
272		2704.000000
273		2704.000000
274		2704.000000
275		2704.000000
276		2704.000000
277		2704.000000
278		2704.000000
279		2704.000000
280		2704.000000
281		2704.000000
282		2704.000000
283		2704.000000
284		2704.000000
285		2704.000000
286		2704.000000
287		2704.000000
288		2704.000000
289		2704.000000
290		2704.000000
291		2704.000000
292		2704.000000
293		2704.000000
294		2704.000000
295		2704.000000
296		2704.000000
297		2704.000000
298		2704.000000
299		2704.000000
300		2704.000000
301		2704.000000
302		2704.000000
303		2704.000000
304		2704.000000
305		2704.000000
306		2704.000000
307		2704.000000
308		2704.000000
309		2704.000000
310		2704.000000
311		2704.000000
312		2704.000000
313		2704.000000
314		2704.000000
315		2704.000000
316		2704.000000
317		2704.000000
318		2704.000000
319		2704.000000
320		2704.000000
321		2704.000000
322		2704.000000
323		2704.000000
324		2704.000000
325		2704.000000
326		2704.000000
327		2704.000000
328		2704.000000
329		2704.000000
330		2704.000000
331		2704.000000
332		2704.000000
333		2704.000000
334		2704.000000
335		2704.000000
336		2704.000000
337		2704.000000
338		2704.000000
339		2704.000000
340		2704.000000
341		2704.000000
342		2704.000000
343		2704.000000
344		2704.000000
345		2704.000000
346		2704.000000
347		2704.000000
348		2704.000000
349		2704.000000
350		2704.000000
351		2704.000000
352		2704.000000
353		2704.000000
354		2704.000000
355		2704.000000
356		2704.000000
357		2704.000000
358		2704.000000
359		2704.000000
360		2704.000000
361		2704.000000
362		2704.000000
363		2704.000000
364		2704.000000
365		2704.000000
366		2704.000000
367		2704.000000
368		2704.000000
369		2704.000000
370		2704.000000
371		2704.000000
372		2704.000000
373		2704.000000
374		2704.000000
375		2704.000000
376		2704.000000
377		2704.000000
378		2704.000000
379		2704.000000
380		2704.000000
381		2704.000000
382		2704.000000
383		2704.000000
384		2704.000000
385		2704.000000
386		2704.000000
387		2704.000000
388		2704.000000
389		2704.000000
390		2704.000000
391		2704.000000
392		2704.000000
393		2704.000000
394		2704.000000
395		2704.000000
396		2704.000000
397		2704.000000
398		2704.000000
399		2704.000000
400		2704.000000
401		2704.000000
402		2704.000000
403		2704.000000
404		2704.000000
405		2704.000000
406		2704.000000
407		2704.000000
408		2704.000000
409		2704.000000
410		2704.000000
411		2704.000000
412		2704.000000
413		2704.000000
414		2704.000000
415		2704.000000
416		2704.000000
417		2704.000000
418		2704.000000
419		2704.000000
420		2704.000000
421		2704.000000
422		2704.000000
423		2704.000000
424		2704.000000
425		2704.000000
426		2704.000000
427		2704.000000
428		2704.000000
429		2704.000000
430		2704.000000
431		2704.000000
432		2704.000000
433		2704.000000
434		2704.000000
435		2704.000000
436		2704.000000
437		2704.000000
438		2704.000000
439		2704.000000
440		2704.000000
441		2704.000000
442		2704.000000
443		2704.000000
444		2704.000000
445		2704.000000
446		2704.000000
447		2704.000000
448		2704.000000
449		2704.000000
450		2704.000000
451		2704.000000
452		2704.000000
453		2704.000000
454		2704.000000
455		2704.000000
456		2704.000000
457		2704.000000
458		2704.000000
459		2704.000000
460		2704.000000
461		2704.000000
462		2704.000000
463		2704.000000
464		2704.000000
465		2704.000000
466		2704.000000
467		2704.000000
468		2704.000000
469		2704.000000
470		2704.000000
471		2704.000000
472		2704.000000
473		2704.000000
474		2704.000000
475		2704.000000
476		2704.000000
477		2704.000000
478		2704.000000
479		2704.000000
480		2704.000000
481		2704.000000
482		2704.000000
483		2704.000000
484		2704.000000
485		2704.000000
486		2704.000000
487		2704.000000
488		2704.000000
489		2704.000000
490		2704.000000
491		2704.000000
492		2704.000000
493		2704.000000
494		2704.000000
495		2704.000000
496		2704.000000
497		2704.000000
498		2704.000000
499		2704.000000
500		2704.000000
501		2704.000000
502		2704.000000
503		2704.000000
504		2704.000000
505		2704.000000
506		2704.000000
507		2704.000000
508		2704.000000
509		2704.000000
510		2704.000000
511		2704.000000
512		2704.000000
513		2704.000000
514		2704.000000
515		2704.000000
516		2704.000000
517		2704.000000
518		2704.000000
519		2704.000000
520		2704.000000
521		2704.000000
522		2704.000000
523		2704.000000
524		2704.000000
525		2704.000000
526		2704.000000
527		2704.000000
528		2704.000000
529		2704.000000
530		2704.000000
531		2704.000000
532		2704.000000
533		2704.000000
534		2704.000000
535		2704.000000
536		2704.000000
537		2704.000000
538		2704.000000
539		2704.000000
540		2704.000000
541		2704.000000
542		2704.000000
543		2704.000000
544		2704.000000
545		2704.000000
546		2704.000000
547		2704.000000
548		2704.000000
549		2704.000000
550		2704.000000
551		2704.000000
552		2704.000000
553		2704.000000
554		2704.000000
555		2704.000000
556		2704.000000
557		2704.000000
558		2704.000000
559		2704.000000
560		2704.000000
561		2704.000000
562		2704.000000
563		2704.000000
564		2704.000000
565		2704.000000
566		2704.000000
567		2704.000000
568		2704.000000
569		2704.000000
570		2704.000000
571		2704.000000
572		2704.000000
573		2704.000000
574		2704.000000
575		2704.000000
576		2704.000000
577		2704.000000
578		2704.000000
579		2704.000000
580		2704.000000
581		2704.000000
582		2704.000000
583		2704.000000
584		2704.000000
585		2704.000000
586		2704.000000
587		2704.000000
588		2704.000000
589		2704.000000
590		2704.000000
591		2704.000000
592		2704.000000
593		2704.000000
594		2704.000000
595		2704.000000
596		2704.000000
597		2704.000000
598		2704.000000
599		2704.000000
600		2704.000000
601		2704.000000
602		2704.000000
603		2704.000000
604		2704.000000
605		2704.000000
606		2704.000000
607		2704.000000
608		2704.000000
609		2704.000000
610		2704.000000
611		2704.000000
612		2704.000000
613		2704.000000
614		2704.000000
615		2704.000000
616		2704.000000
617		2704.000000
618		2704.000000
619		2704.000000
620		2704.000000
621		2704.000000
622		2704.000000
623		2704.000000
624		2704.000000
625		2704.000000
626		2704.000000
627		2704.000000
628		2704.000000
629		2704.000000
630		2704.000000
631		2704.000000
632		2704.000000
633		2704.000000
634		2704.000000
635		2704.000000
636		2704.000000
637		2704.000000
638		2704.000000
639		2704.000000
640		2704.000000
641		2704.000000
642		2704.000000
643		2704.000000
644		2704.000000
645		2704.000000
646		2704.000000
647		2704.000000
648		2704.000000
649		2704.000000
650		2704.000000
651		2704.000000
652		2704.000000
653		2704.000000
654		2704.000000
655		2704.000000
656		2704.000000
657		2704.000000
658		2704.000000
659		2704.000000
660		2704.000000
661		2704.000000
662		2704.000000
663		2704.000000
664		2704.000000
665		2704.000000
666		2704.000000
667		2704.000000
668		2704.000000
669		2704.000000
670		2704.000000
671		2704.000000
672		2704.000000
673		2704.000000
674		2704.000000
675		2704.000000
676		2704.000000
677		2704.000000
678		2704.000000
679		2704.000000
680		2704.000000
681		2704.000000
682		2704.000000
683		2704.000000
684		2704.000000
685		2704.000000
686		2704.000000
687		2704.000000
688		2704.000000
689		2704.000000
690		2704.000000
691		2704.000000
692		2704.000000
693		2704.000000
694		2704.000000
695		2704.000000
696		2704.000000
697		2704.000000
698		2704.000000
699		2704.000000
700		2704.000000
701		2704.000000
702		2704.000000
703		2704.000000
704		2704.000000
705		2704.000000
706		2704.000000
707		2704.000000
708		2704.000000
709		2704.000000
710		2704.000000
711		2704.000000
712		2704.000000
713		2704.000000
714		2704.000000
715		2704.000000
716		2704.000000
717		2704.000000
718		2704.000000
719		2704.000000
720		2704.000000
721		2704.000000
722		2704.000000
723		2704.000000
724		2704.000000
725		2704.000000
726		2704.000000
727		2704.000000
728		2704.000000
729		2704.000000
730		2704.000000
731		2704.000000
732		2704.000000
733		2704.000000
734		2704.000000
735		2704.000000
736		2704.000000
737		2704.000000
738		2704.000000
739		2704.000000
740		2704.000000
741		2704.000000
742		2704.000000
743		2704.000000
744		2704.000000
745		2704.000000
746		2704.000000
747		2704.000000
748		2704.000000
749		2704.000000
750		2704.000000
751		2704.000000
752		2704.000000
753		2704.000000
754		2704.000000
755		2704.000000
756		2704.000000
757		2704.000000
758		2704.000000
759		2704.000000
760		2704.000000
761		2704.000000
762		2704.000000
763		2704.000000
764		2704.000000
765		2704.000000
766		2704.000000
767		2704.000000
768		2704.000000
769		2704.000000
770		2704.000000
771		2704.000000
772		2704.000000
773		2704.000000
774		2704.000000
775		2704.000000
776		2704.000000
777		2704.000000
778		2704.000000
779		2704.000000
780		2704.000000
781		2704.000000
782		2704.000000
783		2704.000000
784		2704.000000
785		2704.000000
786		2704.000000
787		2704.000000
788		2704.000000
789		2704.000000
790		2704.000000
791		2704.000000
792		2704.000000
793		2704.000000
794		2704.000000
795		2704.000000
796		2704.000000
797		2704.000000
798		2704.000000
799		2704.000000
800		2704.000000
801		2704.000000
802		2704.000000
803		2704.000000
804		2704.000000
805		2704.000000
806		2704.000000
807		2704.000000
808		2704.000000
809		2704.000000
810		2704.000000
811		2704.000000
812		2704.000000
813		2704.000000
814		2704.000000
815		2704.000000
816		2704.000000
817		2704.000000
818		2704.000000
819		2704.000000
820		2704.000000
821		2704.000000
822		2704.000000
823		2704.000000
824		2704.000000
825		2704.000000
826		2704.000000
827		2704.000000
828		2704.000000
829		2704.000000
830		2704.000000
831		2704.000000
832		2704.000000
833		2704.000000
834		2704.000000
835		2704.000000
836		2704.000000
837		2704.000000
838		2704.000000
839		2704.000000
840		2704.000000
841		2704.000000
842		2704.000000
843		2704.000000
844		2704.000000
845		2704.000000
846		2704.000000
847		2704.000000
848		2704.000000
849		2704.000000
850		2704.000000
851		2704.000000
852		2704.000000
853		2704.000000
854		2704.000000
855		2704.000000
856		2704.000000
857		2704.000000
858		2704.000000
859		2704.000000
860		2704.000000
861		2704.000000
862		2704.000000
863		2704.000000
864		2704.000000
865		2704.000000
866		2704.000000
867		2704.000000
868		2704.000000
869		2704.000000
870		2704.000000
871		2704.000000
872		2704.000000
873		2704.000000
874		2704.000000
875		2704.000000
876		2704.000000
877		2704.000000
878		2704.000000
879		2704.000000
880		2704.000000
881		2704.000000
882		2704.000000
883		2704.000000
884		2704.000000
885		2704.000000
886		2704.000000
887		2704.000000
888		2704.000000
889		2704.000000
890		2704.000000
891		2704.000000
892		2704.000000
893		2704.000000
894		2704.000000
895		2704.000000
896		2704.000000
897		2704.000000
898		2704.000000
899		2704.000000
900		2704.000000
901		2704.000000
902		2704.000000
903		2704.000000
904		2704.000000
905		2704.000000
906		2704.000000
907		2704.000000
908		2704.000000
909		2704.000000
910		2704.000000
911		2704.000000
912		2704.000000
913		2704.000000
914		2704.000000
915		2704.000000
916		2704.000000
917		2704.000000
918		2704.000000
919		2704.000000
920		2704.000000
921		2704.000000
922		2704.000000
923		2704.000000
924		2704.000000
925		2704.000000
926		2704.000000
927		2704.000000
928		2704.000000
929		2704.000000
930		2704.000000
931		2704.000000
932		2704.000000
933		2704.000000
934		2704.000000
935		2704.000000
936		2704.000000
937		2704.000000
938		2704.000000
939		2704.000000
940		2704.000000
941		2704.000000
942		2704.000000
943		2704.000000
944		2704.000000
945		2704.000000
946		2704.000000
947		2704.000000
948		2704.000000
949		2704.000000
950		2704.000000
951		2704.000000
952		2704.000000
953		2704.000000
954		2704.000000
955		2704.000000
956		2704.000000
957		2704.000000
958		2704.000000
959		2704.000000
960		2704.000000
961		2704.000000
962		2704.000000
963		2704.000000
964		2704.000000
965		2704.000000
966		2704.000000
967		2704.000000
968		2704.000000
969		2704.000000
970		2704.000000
971		2704.000000
972		2704.000000
973		2704.000000
974		2704.000000
975		2704.000000
976		2704.000000
977		2704.000000
978		2704.000000
979		2704.000000
980		2704.000000
981		2704.000000
982		2704.000000
983		2704.000000
984		2704.000000
985		2704.000000
986		2704.000000
987		2704.000000
988		2704.000000
989		2704.000000
990		2704.000000
991		2704.000000
992		2704.000000
993		2704.000000
994		2704.000000
995		2704.000000
996		2704.000000
997		2704.000000
998		2704.000000
999		2704.000000
1000		2704.000000
1001		2704.000000
1002		2704.000000
1003		2704.000000
1004		2704.000000
1005		2704.000000
1006		2704.000000
1007		2704.000000
1008		2704.000000
1009		2704.000000
1010		2704.000000
1011		2704.000000
1012		2704.000000
1013		2704.000000
1014		2704.000000
1015		2704.000000
1016		2704.000000
1017		2704.000000
1018		2704.000000
1019		2704.000000
1020		2704.000000
1021		2704.000000
1022		2704.000000
1023		2704.000000
1024		2704.000000
1025		2704.000000
1026		2704.000000
1027		2704.000000
1028		2704.000000
1029		2704.000000
1030		2704.000000
1031		2704.000000
1032		2704.000000
1033		2704.000000
1034		2704.000000
1035		2704.000000
1036		2704.000000
1037		2704.000000
1038		2704.000000
1039		2704.000000
1040		2704.000000
1041		2704.000000
1042		2704.000000
1043		2704.000000
1044		2704.000000
1045		2704.000000
1046		2704.000000
1047		2704.000000
1048		2704.000000
1049		2704.000000
1050		2704.000000
1051		2704.000000
1052		2704.000000
1053		2704.000000
1054		2704.000000
1055		2704.000000
1056		2704.000000
1057		2704.000000
1058		2704.000000
1059		2704.000000
1060		2704.000000
1061		2704.000000
1062		2704.000000
1063		2704.000000
1064		2704.000000
1065		2704.000000
1066		2704.000000
1067		2704.000000
1068		2704.000000
1069		2704.000000
1070		2704.000000
1071		2704.000000
1072		2704.000000
1073		2704.000000
1074		2704.000000
1075		2704.000000
1076		2704.000000
1077		2704.000000
1078		2704.000000
1079		2704.000000
1080		2704.000000
1081		2704.000000
1082		2704.000000
1083		2704.000000
1084		2704.000000
1085		2704.000000
1086		2704.000000
1087		2704.000000
1088		2704.000000
1089		2704.000000
1090		2704.000000
1091		2704.000000
1092		2704.000000
1093		2704.000000
1094		2704.000000
1095		2704.000000
1096		2704.000000
1097		2704.000000
1098		2704.000000
1099		2704.000000
1100		2704.000000
1101		2704.000000
1102		2704.000000
1103		2704.000000
1104		2704.000000
1105		2704.000000
1106		2704.000000
1107		2704.000000
1108		2704.000000
1109		2704.000000
1110		2704.000000
1111		2704.000000
1112		2704.000000
1113		2704.000000
1114		2704.000000
1115		2704.000000
1116		2704.000000
1117		2704.000000
1118		2704.000000
1119		2704.000000
1120		2704.000000
1121		2704.000000
1122		2704.000000
1123		2704.000000
1124		2704.000000
1125		2704.000000
1126		2704.000000
1127		2704.000000
1128		2704.000000
1129		2704.000000
1130		2704.000000
1131		2704.000000
1132		2704.000000
1133		2704.000000
1134		2704.000000
1135		2704.000000
1136		2704.000000
1137		2704.000000
1138		2704.000000
1139		2704.000000
1140		2704.000000
1141		2704.000000
1142		2704.000000
1143		2704.000000
1144		2704.000000
1145		2704.000000
1146		2704.000000
1147		2704.000000
1148		2704.000000
1149		2704.000000
1150		2704.000000
1151		2704.000000
1152		2704.000000
1153		2704.000000
1154		2704.000000
1155		2704.000000
1156		2704.000000
1157		2704.000000
1158		2704.000000
1159		2704.000000
1160		2704.000000
1161		2704.000000
1162		2704.000000
1163		2704.000000
1164		2704.000000
1165		2704.000000
1166		2704.000000
1167		2704.000000
1168		2704.000000
1169		2704.000000
1170		2704.000000
1171		2704.000000
1172		2704.000000
1173		2704.000000
1174		2704.000000
1175		2704.000000
1176		2704.000000
1177		2704.000000
1178		2704.000000
1179		2704.000000
1180		2704.000000
1181		2704.000000
1182		2704.000000
1183		2704.000000
1184		2704.000000
1185		2704.000000
1186		2704.000000
1187		2704.000000
1188		2704.000000
1189		2704.000000
1190		2704.000000
1191		2704.000000
1192		2704.000000
1193		2704.000000
1194		2704.000000
1195		2704.000000
1196		2704.000000
1197		2704.000000
1198		2704.000000
1199		2704.000000
1200		2704.000000
1201		2704.000000
1202		2704.000000
1203		2704.000000
1204		2704.000000
1205		2704.000000
1206		2704.000000
1207		2704.000000
1208		2704.000000
1209		2704.000000
1210		2704.000000
1211		2704.000000
1212		2704.000000
1213		2704.000000
1214		2704.000000
1215		2704.000000
1216		2704.000000
1217		2704.000000
1218		2704.000000
1219		2704.000000
1220		2704.000000
1221		2704.000000
1222		2704.000000
1223		2704.000000
1224		2704.000000
1225		2704.000000
1226		2704.000000
1227		2704.000000
1228		2704.000000
1229		2704.000000
1230		2704.000000
1231		2704.000000
1232		2704.000000
1233		2704.000000
1234		2704.000000
1235		2704.000000
1236		2704.000000
1237		2704.000000
1238		2704.000000
1239		2704.000000
1240		2704.000000
1241		2704.000000
1242		2704.000000
1243		2704.000000
1244		2704.000000
1245		2704.000000
1246		2704.000000
1247		2704.000000
1248		2704.000000
1249		2704.000000
1250		2704.000000
1251		2704.000000
1252		2704.000000
1253		2704.000000
1254		2704.000000
1255		2704.000000
1256		2704.000000
1257		2704.000000
1258		2704.000000
1259		2704.000000
1260		2704.000000
1261		2704.000000
1262		2704.000000
1263		2704.000000
1264		2704.000000
1265		2704.000000
1266		2704.000000
1267		2704.000000
1268		2704.000000
1269		2704.000000
1270		2704.000000
1271		2704.000000
1272		2704.000000
1273		2704.000000
1274		2704.000000
1275		2704.000000
1276		2704.000000
1277		2704.000000
1278		2704.000000
1279		2704.000000
1280		2704.000000
1281		2704.000000
1282		2704.000000
1283		2704.000000
1284		2704.000000
1285		2704.000000
1286		2704.000000
1287		2704.000000
1288		2704.000000
1289		2704.000000
1290		2704.000000
1291		2704.000000
1292		2704.000000
1293		2704.000000
1294		2704.000000
1295		2704.000000
1296		2704.000000
1297		2704.000000
1298		2704.000000
1299		2704.000000
1300		2704.000000
1301		2704.000000
1302		2704.000000
1303		2704.000000
1304		2704.000000
1305		2704.000000
1306		2704.000000
1307		2704.000000
1308		2704.000000
1309		2704.000000
1310		2704.000000
1311		2704.000000
1312		2704.000000
1313		2704.000000
1314		2704.000000
1315		2704.000000
1316		2704.000000
1317		2704.000000
1318		2704.000000
1319		2704.000000
1320		2704.000000
1321		2704.000000
1322		2704.000000
1323		2704.000000
1324		2704.000000
1325		2704.000000
1326		2704.000000
1327		2704.000000
1328		2704.000000
1329		2704.000000
1330		2704.000000
1331		2704.000000
1332		2704.000000
1333		2704.000000
1334		2704.000000
1335		2704.000000
1336		2704.000000
1337		2704.000000
1338		2704.000000
1339		2704.000000
1340		2704.000000
1341		2704.000000
1342		2704.000000
1343		2704.000000
1344		2704.000000
1345		2704.000000
1346		2704.000000
1347		2704.000000
1348		2704.000000
1349		2704.000000
1350		2704.000000
1351		2704.000000
1352		2704.000000
1353		2704.000000
1354		2704.000000
1355		2704.000000
1356		2704.000000
1357		2704.000000
1358		2704.000000
1359		2704.000000
1360		2704.000000
1361		2704.000000
1362		2704.000000
1363		2704.000000
1364		2704.000000
1365		2704.000000
1366		2704.000000
1367		2704.000000
1368		2704.000000
1369		2704.000000
1370		2704.000000
1371		2704.000000
1372		2704.000000
1373		2704.000000
1374		2704.000000
1375		2704.000000
1376		2704.000000
1377		2704.000000
1378		2704.000000
1379		2704.000000
1380		2704.000000
1381		2704.000000
1382		2704.000000
1383		2704.000000
1384		2704.000000
1385		2704.000000
1386		2704.000000
1387		2704.000000
1388		2704.000000
1389		2704.000000
1390		2704.000000
1391		2704.000000
1392		2704.000000
1393		2704.000000
1394		2704.000000
1395		2704.000000
1396		2704.000000
1397		2704.000000
1398		2704.000000
1399		2704.000000
1400		2704.000000
1401		2704.000000
1402		2704.000000
1403		2704.000000
1404		2704.000000
1405		2704.000000
1406		2704.000000
1407		2704.000000
1408		2704.000000
1409		2704.000000
1410		2704.000000
1411		2704.000000
1412		2704.000000
1413		2704.000000
1414		2704.000000
1415		2704.000000
1416		2704.000000
1417		2704.000000
1418		2704.000000
1419		2704.000000
1420		2704.000000
1421		2704.000000
1422		2704.000000
1423		2704.000000
1424		2704.000000
1425		2704.000000
1426		2704.000000
1427		2704.000000
1428		2704.000000
1429		2704.000000
1430		2704.000000
1431		2704.000000
1432		2704.000000
1433		2704.000000
1434		2704.000000
1435		2704.000000
1436		2704.000000
1437		2704.000000
1438		2704.000000
1439		2704.000000
1440		2704.000000
1441		2704.000000
1442		2704.000000
1443		2704.000000
1444		2704.000000
1445		2704.000000
1446		2704.000000
1447		2704.000000
1448		2704.000000
1449		2704.000000
1450		2704.000000
1451		2704.000000
1452		2704.000000
1453		2704.000000
1454		2704.000000
1455		2704.000000
1456		2704.000000
1457		2704.000000
1458		2704.000000
1459		2704.000000
1460		2704.000000
1461		2704.000000
1462		2704.000000
1463		2704.000000
1464		2704.000000
1465		2704.000000
1466		2704.000000
1467		2704.000000
1468		2704.000000
1469		2704.000000
1470		2704.000000
1471		2704.000000
1472		2704.000000
1473		2704.000000
1474		2704.000000
1475		2704.000000
1476		2704.000000
1477		2704.000000
1478		2704.000000
1479		2704.000000
1480		2704.000000
1481		2704.000000
1482		2704.000000
1483		2704.000000
1484		2704.000000
1485		2704.000000
1486		2704.000000
1487		2704.000000
1488		2704.000000
1489		2704.000000
1490		2704.000000
1491		2704.000000
1492		2704.000000
1493		2704.000000
1494		2704.000000
1495		2704.000000
1496		2704.000000
1497		2704.000000
1498		2704.000000
1499		2704.000000
1500		2704.000000
1501		2704.000000
1502		2704.000000
1503		2704.000000
1504		2704.000000
1505		2704.000000
1506		2704.000000
1507		2704.000000
1508		2704.000000
1509		2704.000000
1510		2704.000000
1511		2704.000000
1512		2704.000000
1513		2704.000000
1514		2704.000000
1515		2704.000000
1516		2704.000000
1517		2704.000000
1518		2704.000000
1519		2704.000000
1520		2704.000000
1521		2704.000000
1522		2704.000000
1523		2704.000000
1524		2704.000000
1525		2704.000000
1526		2704.000000
1527		2704.000000
1528		2704.000000
1529		2704.000000
1530		2704.000000
1531		2704.000000
1532		2704.000000
1533		2704.000000
1534		2704.000000
1535		2704.000000
1536		2704.000000
1537		2704.000000
1538		2704.000000
1539		2704.000000
1540		2704.000000
1541		2704.000000
1542		2704.000000
1543		2704.000000
1544		2704.000000
1545		2704.000000
1546		2704.000000
1547		2704.000000
1548		2704.000000
1549		2704.000000
1550		2704.000000
1551		2704.000000
1552		2704.000000
1553		2704.000000
1554		2704.000000
1555		2704.000000
1556		2704.000000
1557		2704.000000
1558		2704.000000
1559		2704.000000
1560		2704.000000
1561		2704.000000
1562		2704.000000
1563		2704.000000
1564		2704.000000
1565		2704.000000
1566		2704.000000
1567		2704.000000
1568		2704.000000
1569		2704.000000
1570		2704.000000
1571		2704.000000
1572		2704.000000
1573		2704.000000
1574		2704.000000
1575		2704.000000
1576		2704.000000
1577		2704.000000
1578		2704.000000
1579		2704.000000
1580		2704.000000
1581		2704.000000
1582		2704.000000
1583		2704.000000
1584		2704.000000
1585		2704.000000
1586		2704.000000
1587		2704.000000
1588		2704.000000
1589		2704.000000
1590		2704.000000
1591		2704.000000
1592		2704.000000
1593		2704.000000
1594		2704.000000
1595		2704.000000
1596		2704.000000
1597		2704.000000
1598		2704.000000
1599		2704.000000
1600		2704.000000
1601		2704.000000
1602		2704.000000
1603		2704.000000
1604		2704.000000
1605		2704.000000
1606		2704.000000
1607		2704.000000
1608		2704.000000
1609		2704.000000
1610		2704.000000
1611		2704.000000
1612		2704.000000
1613		2704.000000
1614		2704.000000
1615		2704.000000
1616		2704.000000
1617		2704.000000
1618		2704.000000
1619		2704.000000
1620		2704.000000
1621		2704.000000
1622		2704.000000
1623		2704.000000
1624		2704.000000
1625		2704.000000
1626		2704.000000
1627		2704.000000
1628		2704.000000
1629		2704.000000
1630		2704.000000
1631		2704.000000
1632		2704.000000
1633		2704.000000
1634		2704.000000
1635		2704.000000
1636		2704.000000
1637		2704.000000
1638		2704.000000
1639		2704.000000
1640		2704.000000
1641		2704.000000
1642		2704.000000
1643		2704.000000
1644		2704.000000
1645		2704.000000
1646		2704.000000
1647		2704.000000
1648		2704.000000
1649		2704.000000
1650		2704.000000
1651		2704.000000
1652		2704.000000
1653		2704.000000
1654		2704.000000
1655		2704.000000
1656		2704.000000
1657		2704.000000
1658		2704.000000
1659		2704.000000
1660		2704.000000
1661		2704.000000
1662		2704.000000
1663		2704.000000
1664		2704.000000
1665		2704.000000
1666		2704.000000
1667		2704.000000
1668		2704.000000
1669		2704.000000
1670		2704.000000
1671		2704.000000
1672		2704.000000
1673		2704.000000
1674		2704.000000
1675		2704.000000
1676		2704.000000
1677		2704.000000
1678		2704.000000
1679		2704.000000
1680		2704.000000
1681		2704.000000
1682		2704.000000
1683		2704.000000
1684		2704.000000
1685		2704.000000
1686		2704.000000
1687		2704.000000
1688		2704.000000
1689		2704.000000
1690		2704.000000
1691		2704.000000
1692		2704.000000
1693		2704.000000
1694		2704.000000
1695		2704.000000
1696		2704.000000
1697		2704.000000
1698		2704.000000
1699		2704.000000
1700		2704.000000
1701		2704.000000
1702		2704.000000
1703		2704.000000
1704		2704.000000
1705		2704.000000
1706		2704.000000
1707		2704.000000
1708		2704.000000
1709		2704.000000
1710		2704.000000
1711		2704.000000
1712		2704.000000
1713		2704.000000
1714		2704.000000
1715		2704.000000
1716		2704.000000
1717		2704.000000
1718		2704.000000
1719		2704.000000
1720		2704.000000
1721		2704.000000
1722		2704.000000
1723		2704.000000
1724		2704.000000
1725		2704.000000
1726		2704.000000
1727		2704.000000
1728		2704.000000
1729		2704.000000
1730		2704.000000
1731		2704.000000
1732		2704.000000
1733		2704.000000
1734		2704.000000
1735		2704.000000
1736		2704.000000
1737		2704.000000
1738		2704.000000
1739		2704.000000
1740		2704.000000
1741		2704.000000
1742		2704.000000
1743		2704.000000
1744		2704.000000
1745		2704.000000
1746		2704.000000
1747		2704.000000
1748		2704.000000
1749		2704.000000
1750		2704.000000
1751		2704.000000
1752		2704.000000
1753		2704.000000
1754		2704.000000
1755		2704.000000
1756		2704.000000
1757		2704.000000
1758		2704.000000
1759		2704.000000
1760		2704.000000
1761		2704.000000
1762		2704.000000
1763		2704.000000
1764		2704.000000
1765		2704.000000
1766		2704.000000
1767		2704.000000
1768		2704.000000
1769		2704.000000
1770		2704.000000
1771		2704.000000
1772		2704.000000
1773		2704.000000
1774		2704.000000
1775		2704.000000
1776		2704.000000
1777		2704.000000
1778		2704.000000
1779		2704.000000
1780		2704.000000
1781		2704.000000
1782		2704.000000
1783		2704.000000
1784		2704.000000
1785		2704.000000
1786		2704.000000
1787		2704.000000
1788		2704.000000
1789		2704.000000
1790		2704.000000
1791		2704.000000
1792		2704.000000
1793		2704.000000
1794		2704.000000
1795		2704.000000
1796		2704.000000
1797		2704.000000
1798		2704.000000
1799		2704.000000
1800		2704.000000
1801		2704.000000
1802		2704.000000
1803		2704.000000
1804		2704.000000
1805		2704.000000
1806		2704.000000
1807		2704.000000
1808		2704.000000
1809		2704.000000
1810		2704.000000
1811		2704.000000
1812		2704.000000
1813		2704.000000
1814		2704.000000
1815		2704.000000
1816		2704.000000
1817		2704.000000
1818		2704.000000
1819		2704.000000
1820		2704.000000
1821		2704.000000
1822		2704.000000
1823		2704.000000
1824		2704.000000
1825		2704.000000
1826		2704.000000
1827		2704.000000
1828		2704.000000
1829		2704.000000
1830		2704.000000
1831		2704.000000
1832		2704.000000
1833		2704.000000
1834		2704.000000
1835		2704.000000
1836		2704.000000
1837		2704.000000
1838		2704.000000
1839		2704.000000
1840		2704.000000
1841		2704.000000
1842		2704.000000
1843		2704.000000
1844		2704.000000
1845		2704.000000
1846		2704.000000
1847		2704.000000
1848		2704.000000
1849		2704.000000
1850		2704.000000
1851		2704.000000
1852		2704.000000
1853		2704.000000
1854		2704.000000
1855		2704.000000
1856		2704.000000
1857		2704.000000
1858		2704.000000
1859		2704.000000
1860		2704.000000
1861		2704.000000
1862		2704.000000
1863		2704.000000
1864		2704.000000
1865		2704.000000
1866		2704.000000
1867		2704.000000
1868		2704.000000
1869		2704.000000
1870		2704.000000
1871		2704.000000
1872		2704.000000
1873		2704.000000
1874		2704.000000
1875		2704.000000
1876		2704.000000
1877		2704.000000
1878		2704.000000
1879		2704.000000
1880		2704.000000
1881		2704.000000
1882		2704.000000
1883		2704.000000
1884		2704.000000
1885		2704.000000
1886		2704.000000
1887		2704.000000
1888		2704.000000
1889		2704.000000
1890		2704.000000
1891		2704.000000
1892		2704.000000
1893		2704.000000
1894		2704.000000
1895		2704.000000
1896		2704.000000
1897		2704.000000
1898		2704.000000
1899		2704.000000
1900		2704.000000
1901		2704.000000
1902		2704.000000
1903		2704.000000
1904		2704.000000
1905		2704.000000
1906		2704.000000
1907		2704.000000
1908		2704.000000
1909		2704.000000
1910		2704.000000
1911		2704.000000
1912		2704.000000
1913		2704.000000
1914		2704.000000
1915		2704.000000
1916		2704.000000
1917		2704.000000
1918		2704.000000
1919		2704.000000
1920		2704.000000
1921		2704.000000
1922		2704.000000
1923		2704.000000
1924		2704.000000
1925		2704.000000
1926		2704.000000
1927		2704.000000
1928		2704.000000
1929		2704.000000
1930		2704.000000
1931		2704.000000
1932		2704.000000
1933		2704.000000
1934		2704.000000
1935		2704.000000
1936		2704.000000
1937		2704.000000
1938		2704.000000
1939		2704.000000
1940		2704.000000
1941		2704.000000
1942		2704.000000
1943		2704.000000
1944		2704.000000
1945		2704.000000
1946		2704.000000
1947		2704.000000
1948		2704.000000
1949		2704.000000
1950		2704.000000
1951		2704.000000
1952		2704.000000
1953		2704.000000
1954		2704.000000
1955		2704.000000
1956		2704.000000
1957		2704.000000
1958		2704.000000
1959		2704.000000
1960		2704.000000
1961		2704.000000
1962		2704.000000
1963		2704.000000
1964		2704.000000
1965		2704.000000
1966		2704.000000
1967		2704.000000
1968		2704.000000
1969		2704.000000
1970		2704.000000
1971		2704.000000
1972		2704.000000
1973		2704.000000
1974		2704.000000
1975		2704.000000
1976		2704.000000
1977		2704.000000
1978		2704.000000
1979		2704.000000
1980		2704.000000
1981		2704.000000
1982		2704.000000
1983		2704.000000
1984		2704.000000
1985		2704.000000
1986		2704.000000
1987		2704.000000
1988		2704.000000
1989		2704.000000
1990		2704.000000
1991		2704.000000
1992		2704.000000
1993		2704.000000
1994		2704.000000
1995		2704.000000
1996		2704.000000
1997		2704.000000
1998		2704.000000
1999		2704.000000
2000		2704.000000
2001		2704.000000
2002		2704.000000
2003		2704.000000
2004		2704.000000
2005		2704.000000
2006		2704.000000
2007		2704.000000
2008		2704.000000
2009		2704.000000
2010		2704.000000
2011		2704.000000
2012		2704.000000
2013		2704.000000
2014		2704.000000
2015		2704.000000
2016		2704.000000
2017		2704.000000
2018		2704.000000
2019		2704.000000
2020		2704.000000
2021		2704.000000
2022		2704.000000
2023		2704.000000
2024		2704.000000
2025		2704.000000
2026		2704.000000
2027		2704.000000
2028		2704.000000
2029		2704.000000
2030		2704.000000
2031		2704.000000
2032		2704.000000
2033		2704.000000
2034		2704.000000
2035		2704.000000
2036		2704.000000
2037		2704.000000
2038		2704.000000
2039		2704.000000
2040		2704.000000
2041		2704.000000
2042		2704.000000
2043		2704.000000
2044		2704.000000
2045		2704.000000
2046		2704.000000
2047		2704.000000
2048		2704.000000
2049		2704.000000
2050		2704.000000
2051		2704.000000
2052		2704.000000
2053		2704.000000
2054		2704.000000
2055		2704.000000
2056		2704.000000
2057		2704.000000
2058		2704.000000
2059		2704.000000
2060		2704.000000
2061		2704.000000
2062		2704.000000
2063		2704.000000
2064		2704.000000
2065		2704.000000
2066		2704.000000
2067		2704.000000
2068		2704.000000
2069		2704.000000
2070		2704.000000
2071		2704.000000
2072		2704.000000
2073		2704.000000
2074		2704.000000
2075		2704.000000
2076		2704.000000
2077		2704.000000
2078		2704.000000
2079		2704.000000
2080		2704.000000
2081		2704.000000
2082		2704.000000
2083		2704.000000
2084		2704.000000
2085		2704.000000
2086		2704.000000
2087		2704.000000
2088		2704.000000
2089		2704.000000
2090		2704.000000
2091		2704.000000
2092		2704.000000
2093		2704.000000
2094		2704.000000
2095		2704.000000
2096		2704.000000
2097		2704.000000
2098		2704.000000
2099		2704.000000
2100		2704.000000
2101		2704.000000
2102		2704.000000
2103		2704.000000
2104		2704.000000
2105		2704.000000
2106		2704.000000
2107		2704.000000
2108		2704.000000
2109		2704.000000
2110		2704.000000
2111		2704.000000
2112		2704.000000
2113		2704.000000
2114		2704.000000
2115		2704.000000
2116		2704.000000
2117		2704.000000
2118		2704.000000
2119		2704.000000
2120		2704.000000
2121		2704.000000
2122		2704.000000
2123		2704.000000
2124		2704.000000
2125		2704.000000
2126		2704.000000
2127		2704.000000
2128		2704.000000
2129		2704.000000
2130		2704.000000
2131		2704.000000
2132		2704.000000
2133		2704.000000
2134		2704.000000
2135		2704.000000
2136		2704.000000
2137		2704.000000
2138		2704.000000
2139		2704.000000
2140		2704.000000
2141		2704.000000
2142		2704.000000
2143		2704.000000
2144		2704.000000
2145		2704.000000
2146		2704.000000
2147		2704.000000
2148		2704.000000
2149		2704.000000
2150		2704.000000
2151		2704.000000
2152		2704.000000
2153		2704.000000
2154		2704.000000
2155		2704.000000
2156		2704.000000
2157		2704.000000
2158		2704.000000
2159		2704.000000
2160		2704.000000
2161		2704.000000
2162		2704.000000
2163		2704.000000
2164		2704.000000
2165		2704.000000
2166		2704.000000
2167		2704.000000
2168		2704.000000
2169		2704.000000
2170		2704.000000
2171		2704.000000
2172		2704.000000
2173		2704.000000
2174		2704.000000
2175		2704.000000
2176		2704.000000
2177		2704.000000
2178		2704.000000
2179		2704.000000
2180		2704.000000
2181		2704.000000
2182		2704.000000
2183		2704.000000
2184		2704.000000
2185		2704.000000
2186		2704.000000
2187		2704.000000
2188		2704.000000
2189		2704.000000
2190		2704.000000
2191		2704.000000
2192		2704.000000
2193		2704.000000
2194		2704.000000
2195		2704.000000
2196		2704.000000
2197		2704.000000
2198		2704.000000
2199		2704.000000
2200		2704.000000
2201		2704.000000
2202		2704.000000
2203		2704.000000
2204		2704.000000
2205		2704.000000
2206		2704.000000
2207		2704.000000
2208		2704.000000
2209		2704.000000
2210		2704.000000
2211		2704.000000
2212		2704.000000
2213		2704.000000
2214		2704.000000
2215		2704.000000
2216		2704.000000
2217		2704.000000
2218		2704.000000
2219		2704.000000
2220		2704.000000
2221		2704.000000
2222		2704.000000
2223		2704.000000
2224		2704.000000
2225		2704.000000
2226		2704.000000
2227		2704.000000
2228		2704.000000
2229		2704.000000
2230		2704.000000
2231		2704.000000
2232		2704.000000
2233		2704.000000
2234		2704.000000
2235		2704.000000
2236		2704.000000
2237		2704.000000
2238		2704.000000
2239		2704.000000
2240		2704.000000
2241		2704.000000
2242		2704.000000
2243		2704.000000
2244		2704.000000
2245		2704.000000
2246		2704.000000
2247		2704.000000
2248		2704.000000
2249		2704.000000
2250		2704.000000
2251		2704.000000
2252		2704.000000
2253		2704.000000
2254		2704.000000
2255		2704.000000
2256		2704.000000
2257		2704.000000
2258		2704.000000
2259		2704.000000
2260		2704.000000
2261		2704.000000
2262		2704.000000
2263		2704.000000
2264		2704.000000
2265		2704.000000
2266		2704.000000
2267		2704.000000
2268		2704.000000
2269		2704.000000
2270		2704.000000
2271		2704.000000
2272		2704.000000
2273		2704.000000
2274		2704.000000
2275		2704.000000
2276		2704.000000
2277		2704.000000
2278		2704.000000
2279		2704.000000
2280		2704.000000
2281		2704.000000
2282		2704.000000
2283		2704.000000
2284		2704.000000
2285		2704.000000
2286		2704.000000
2287		2704.000000
2288		2704.000000
2289		2704.000000
2290		2704.000000
2291		2704.000000
2292		2704.000000
2293		2704.000000
2294		2704.000000
2295		2704.000000
2296		2704.000000
2297		2704.000000
2298		2704.000000
2299		2704.000000
2300		2704.000000
2301		2704.000000
2302		2704.000000
2303		2704.000000
2304		2704.000000
2305		2704.000000
2306		2704.000000
2307		2704.000000
2308		2704.000000
2309		2704.000000
2310		2704.000000
2311		2704.000000
2312		2704.000000
2313		2704.000000
2314		2704.000000
2315		2704.000000
2316		2704.000000
2317		2704.000000
2318		2704.000000
2319		2704.000000
2320		2704.000000
2321		2704.000000
2322		2704.000000
2323		2704.000000
2324		2704.000000
2325		2704.000000
2326		2704.000000
2327		2704.000000
2328		2704.000000
2329		2704.000000
2330		2704.000000
2331		2704.000000
2332		2704.000000
2333		2704.000000
2334		2704.000000
2335		2704.000000
2336		2704.000000
2337		2704.000000
2338		2704.000000
2339		2704.000000
2340		2704.000000
2341		2704.000000
2342		2704.000000
2343		2704.000000
2344		2704.000000
2345		2704.000000
2346		2704.000000
2347		2704.000000
2348		2704.000000
2349		2704.000000
2350		2704.000000
2351		2704.000000
2352		2704.000000
2353		2704.000000
2354		2704.000000
2355		2704.000000
2356		2704.000000
2357		2704.000000
2358		2704.000000
2359		2704.000000
2360		2704.000000
2361		2704.000000
2362		2704.000000
2363		2704.000000
2364		2704.000000
2365		2704.000000
2366		2704.000000
2367		2704.000000
2368		2704.000000
2369		2704.000000
2370		2704.000000
2371		2704.000000
2372		2704.000000
2373		2704.000000
2374		2704.000000
2375		2704.000000
2376		2704.000000
2377		2704.000000
2378		2704.000000
2379		2704.000000
2380		2704.000000
2381		2704.000000
2382		2704.000000
2383		2704.000000
2384		2704.000000
2385		2704.000000
2386		2704.000000
2387		2704.000000
2388		2704.000000
2389		2704.000000
2390		2704.000000
2391		2704.000000
2392		2704.000000
2393		2704.000000
2394		2704.000000
2395		2704.000000
2396		2704.000000
2397		2704.000000
2398		2704.000000
2399		2704.000000
2400		2704.000000
2401		2704.000000
2402		2704.000000
2403		2704.000000
2404		2704.000000
2405		2704.000000
2406		2704.000000
2407		2704.000000
2408		2704.000000
2409		2704.000000
2410		2704.000000
2411		2704.000000
2412		2704.000000
2413		2704.000000
2414		2704.000000
2415		2704.000000
2416		2704.000000
2417		2704.000000
2418		2704.000000
2419		2704.000000
2420		2704.000000
2421		2704.000000
2422		2704.000000
2423		2704.000000
2424		2704.000000
2425		2704.000000
2426		2704.000000
2427		2704.000000
2428		2704.000000
2429		2704.000000
2430		2704.000000
2431		2704.000000
2432		2704.000000
2433		2704.000000
2434		2704.000000
2435		2704.000000
2436		2704.000000
2437		2704.000000
2438		2704.000000
2439		2704.000000
2440		2704.000000
2441		2704.000000
2442		2704.000000
2443		2704.000000
2444		2704.000000
2445		2704.000000
2446		2704.000000
2447		2704.000000
2448		2704.000000
2449		2704.000000
2450		2704.000000
2451		2704.000000
2452		2704.000000
2453		2704.000000
2454		2704.000000
2455		2704.000000
2456		2704.000000
2457		2704.000000
2458		2704.000000
2459		2704.000000
2460		2704.000000
2461		2704.000000
2462		2704.000000
2463		2704.000000
2464		2704.000000
2465		2704.000000
2466		2704.000000
2467		2704.000000
2468		2704.000000
2469		2704.000000
2470		2704.000000
2471		2704.000000
2472		2704.000000
2473		2704.000000
2474		2704.000000
2475		2704.000000
2476		2704.000000
2477		2704.000000
2478		2704.000000
2479		2704.000000
2480		2704.000000
2481		2704.000000
2482		2704.000000
2483		2704.000000
2484		2704.000000
2485		2704.000000
2486		2704.000000
2487		2704.000000
2488		2704.000000
2489		2704.000000
2490		2704.000000
2491		2704.000000
2492		2704.000000
2493		2704.000000
2494		2704.000000
2495		2704.000000
2496		2704.000000
2497		2704.000000
2498		2704.000000
2499		2704.000000
2500		2704.000000
2501		2704.000000
2502		2704.000000
2503		2704.000000
2504		2704.000000
2505		2704.000000
2506		2704.000000
2507		2704.000000
2508		2704.000000
2509		2704.000000
2510		2704.000000
2511		2704.000000
2512		2704.000000
2513		2704.000000
2514		2704.000000
2515		2704.000000
2516		2704.000000
2517		2704.000000
2518		2704.000000
2519		2704.000000
2520		2704.000000
2521		2704.000000
2522		2704.000000
2523		2704.000000
2524		2704.000000
2525		2704.000000
2526		2704.000000
2527		2704.000000
2528		2704.000000
2529		2704.000000
2530		2704.000000
2531		2704.000000
2532		2704.000000
2533		2704.000000
2534		2704.000000
2535		2704.000000
2536		2704.000000
2537		2704.000000
2538		2704.000000
2539		2704.000000
2540		2704.000000
2541		2704.000000
2542		2704.000000
2543		2704.000000
2544		2704.000000
2545		2704.000000
2546		2704.000000
2547		2704.000000
2548		2704.000000
2549		2704.000000
2550		2704.000000
2551		2704.000000
2552		2704.000000
2553		2704.000000
2554		2704.000000
2555		2704.000000
2556		2704.000000
2557		2704.000000
2558		2704.000000
2559		2704.000000
2560		2704.000000
2561		2704.000000
2562		2704.000000
2563		2704.000000
2564		2704.000000
2565		2704.000000
2566		2704.000000
2567		2704.000000
2568		2704.000000
2569		2704.000000
2570		2704.000000
2571		2704.000000
2572		2704.000000
2573		2704.000000
2574		2704.000000
2575		2704.000000
2576		2704.000000
2577		2704.000000
2578		2704.000000
2579		2704.000000
2580		2704.000000
2581		2704.000000
2582		2704.000000
2583		2704.000000
2584		2704.000000
2585		2704.000000
2586		2704.000000
2587		2704.000000
2588		2704.000000
2589		2704.000000
2590		2704.000000
2591		2704.000000
2592		2704.000000
2593		2704.000000
2594		2704.000000
2595		2704.000000
2596		2704.000000
2597		2704.000000
2598		2704.000000
2599		2704.000000
2600		2704.000000
2601		2704.000000
2602		2704.000000
2603		2704.000000
2604		2704.000000
2605		2704.000000
2606		2704.000000
2607		2704.000000
2608		2704.000000
2609		2704.000000
2610		2704.000000
2611		2704.000000
2612		2704.000000
2613		2704.000000
2614		2704.000000
2615		2704.000000
2616		2704.000000
2617		2704.000000
2618		2704.000000
2619		2704.000000
2620		2704.000000
2621		2704.000000
2622		2704.000000
2623		2704.000000
2624		2704.000000
2625		2704.000000
2626		2704.000000
2627		2704.000000
2628		2704.000000
2629		2704.000000
2630		2704.000000
2631		2704.000000
2632		2704.000000
2633		2704.000000
2634		2704.000000
2635		2704.000000
2636		2704.000000
2637		2704.000000
2638		2704.000000
2639		2704.000000
2640		2704.000000
2641		2704.000000
2642		2704.000000
2643		2704.000000
2644		2704.000000
2645		2704.000000
2646		2704.000000
2647		2704.000000
2648		2704.000000
2649		2704.000000
2650		2704.000000
2651		2704.000000
2652		2704.000000
2653		2704.000000
2654		2704.000000
2655		2704.000000
2656		2704.000000
2657		2704.000000
2658		2704.000000
2659		2704.000000
2660		2704.000000
2661		2704.000000
2662		2704.000000
2663		2704.000000
2664		2704.000000
2665		2704.000000
2666		2704.000000
2667		2704.000000
2668		2704.000000
2669		2704.000000
2670		2704.000000
2671		2704.000000
2672		2704.000000
2673		2704.000000
2674		2704.000000
2675		2704.000000
2676		2704.000000
2677		2704.000000
2678		2704.000000
2679		2704.000000
2680		2704.000000
2681		2704.000000
2682		2704.000000
2683		2704.000000
2684		2704.000000
2685		2704.000000
2686		2704.000000
2687		2704.000000
2688		2704.000000
2689		2704.000000
2690		2704.000000
2691		2704.000000
2692		2704.000000
2693		2704.000000
2694		2704.000000
2695		2704.000000
2696		2704.000000
2697		2704.000000
2698		2704.000000
2699		2704.000000
2700		2704.000000
2701		2704.000000
2702		2704.000000
2703		2704.000000
2704		2704.000000
2705		2704.000000
2706		2704.000000
2707		2704.000000
2708		2704.000000
2709		2704.000000
2710		2704.000000
2711		2704.000000
2712		2704.000000
2713		2704.000000
2714		2704.000000
2715		2704.000000
2716		2704.000000
2717		2704.000000
2718		2704.000000
2719		2704.000000
2720		2704.000000
2721		2704.000000
2722		2704.000000
2723		2704.000000
2724		2704.000000
2725		2704.000000
2726		2704.000000
2727		2704.000000
2728		2704.000000
2729		2704.000000
2730		2704.000000
2731		2704.000000
2732		2704.000000
2733		2704.000000
2734		2704.000000
2735		2704.000000
2736		2704.000000
2737		2704.000000
2738		2704.000000
2739		2704.000000
2740		2704.000000
2741		2704.000000
2742		2704.000000
2743		2704.000000
2744		2704.000000
2745		2704.000000
2746		2704.000000
2747		2704.000000
2748		2704.000000
2749		2704.000000
2750		2704.000000
2751		2704.000000
2752		2704.000000
2753		2704.000000
2754		2704.000000
2755		2704.000000
2756		2704.000000
2757		2704.000000
2758		2704.000000
2759		2704.000000
2760		2704.000000
2761		2704.000000
2762		2704.000000
2763		2704.000000
2764		2704.000000
2765		2704.000000
2766		2704.000000
2767		2704.000000
2768		2704.000000
2769		2704.000000
2770		2704.000000
2771		2704.000000
2772		2704.000000
2773		2704.000000
2774		2704.000000
2775		2704.000000
2776		2704.000000
2777		2704.000000
2778		2704.000000
2779		2704.000000
2780		2704.000000
2781		2704.000000
2782		2704.000000
2783		2704.000000
2784		2704.000000
2785		2704.000000
2786		2704.000000
2787		2704.000000
2788		2704.000000
2789		2704.000000
2790		2704.000000
2791		2704.000000
2792		2704.000000
2793		2704.000000
2794		2704.000000
2795		2704.000000
2796		2704.000000
2797		2704.000000
2798		2704.000000
2799		2704.000000
2800		2704.000000
2801		2704.000000
2802		2704.000000
2803		2704.000000
2804		2704.000000
2805		2704.000000
2806		2704.000000
2807		2704.000000
2808		2704.000000
2809		2704.000000
2810		2704.000000
2811		2704.000000
2812		2704.000000
2813		2704.000000
2814		2704.000000
2815		2704.000000
2816		2704.000000
2817		2704.000000
2818		2704.000000
2819		2704.000000
2820		2704.000000
2821		2704.000000
2822		2704.000000
2823		2704.000000
2824		2704.000000
2825		2704.000000
2826		2704.000000
2827		2704.000000
2828		2704.000000
2829		2704.000000
2830		2704.000000
2831		2704.000000
2832		2704.000000
2833		2704.000000
2834		2704.000000
2835		2704.000000
2836		2704.000000
2837		2704.000000
2838		2704.000000
2839		2704.000000
2840		2704.000000
2841		2704.000000
2842		2704.000000
2843		2704.000000
2844		2704.000000
2845		2704.000000
2846		2704.000000
2847		2704.000000
2848		2704.000000
2849		2704.000000
2850		2704.000000
2851		2704.000000
2852		2704.000000
2853		2704.000000
2854		2704.000000
2855		2704.000000
2856		2704.000000
2857		2704.000000
2858		2704.000000
2859		2704.000000
2860		2704.000000
2861		2704.000000
2862		2704.000000
2863		2704.000000
2864		2704.000000
2865		2704.000000
2866		2704.000000
2867		2704.000000
2868		2704.000000
2869		2704.000000
2870		2704.000000
2871		2704.000000
2872		2704.000000
2873		2704.000000
2874		2704.000000
2875		2704.000000
2876		2704.000000
2877		2704.000000
2878		2704.000000
2879		2704.000000
2880		2704.000000
2881		2704.000000
2882		2704.000000
2883		2704.000000
2884		2704.000000
2885		2704.000000
2886		2704.000000
2887		2704.000000
2888		2704.000000
2889		2704.000000
2890		2704.000000
2891		2704.000000
2892		2704.000000
2893		2704.000000
2894		2704.000000
2895		2704.000000
2896		2704.000000
2897		2704.000000
2898		2704.000000
2899		2704.000000
2900		2704.000000
2901		2704.000000
2902		2704.000000
2903		2704.000000
2904		2704.000000
2905		2704.000000
2906		2704.000000
2907		2704.000000
2908		2704.000000
2909		2704.000000
2910		2704.000000
2911		2704.000000
2912		2704.000000
2913		2704.000000
2914		2704.000000
2915		2704.000000
2916		2704.000000
2917		2704.000000
2918		2704.000000
2919		2704.000000
2920		2704.000000
2921		2704.000000
2922		2704.000000
2923		2704.000000
2924		2704.000000
2925		2704.000000
2926		2704.000000
2927		2704.000000
2928		2704.000000
2929		2704.000000
2930		2704.000000
2931		2704.000000
2932		2704.000000
2933		2704.000000
2934		2704.000000
2935		2704.000000
2936		2704.000000
2937		2704.000000
2938		2704.000000
2939		2704.000000
2940		2704.000000
2941		2704.000000
2942		2704.000000
2943		2704.000000
2944		2704.000000
2945		2704.000000
2946		2704.000000
2947		2704.000000
2948		2704.000000
2949		2704.000000
2950		2704.000000
2951		2704.000000
2952		2704.000000
2953		2704.000000
2954		2704.000000
2955		2704.000000
2956		2704.000000
2957		2704.000000
2958		2704.000000
2959		2704.000000
2960		2704.000000
2961		2704.000000
2962		2704.000000
2963		2704.000000
2964		2704.000000
2965		2704.000000
2966		2704.000000
2967		2704.000000
2968		2704.000000
2969		2704.000000
2970		2704.000000
2971		2704.000000
2972		2704.000000
2973		2704.000000
2974		2704.000000
2975		2704.000000
2976		2704.000000
2977		2704.000000
2978		2704.000000
2979		2704.000000
2980		2704.000000
2981		2704.000000
2982		2704.000000
2983		2704.000000
2984		2704.000000
2985		2704.000000
2986		2704.000000
2987		2704.000000
2988		2704.000000
2989		2704.000000
2990		2704.000000
2991		2704.000000
2992		2704.000000
2993		2704.000000
2994		2704.000000
2995		2704.000000
2996		2704.000000
2997		2704.000000
2998		2704.000000
2999		2704.000000
3000		2704.000000
3001		2704.000000
3002		2704.000000
3003		2704.000000
3004		2704.000000
3005		2704.000000
3006		2704.000000
3007		2704.000000
3008		2704.000000
3009		2704.000000
3010		2704.000000
3011		2704.000000
3012		2704.000000
3013		2704.000000
3014		2704.000000
3015		2704.000000
3016		2704.000000
3017		2704.000000
3018		2704.000000
3019		2704.000000
3020		2704.000000
3021		2704.000000
3022		2704.000000
3023		2704.000000
3024		2704.000000
3025		2704.000000
3026		2704.000000
3027		2704.000000
3028		2704.000000
3029		2704.000000
3030		2704.000000
3031		2704.000000
3032		2704.000000
3033		2704.000000
3034		2704.000000
3035		2704.000000
3036		2704.000000
3037		2704.000000
3038		2704.000000
3039		2704.000000
3040		2704.000000
3041		2704.000000
3042		2704.000000
3043		2704.000000
3044		2704.000000
3045		2704.000000
3046		2704.000000
3047		2704.000000
3048		2704.000000
3049		2704.000000
3050		2704.000000
3051		2704.000000
3052		2704.000000
3053		2704.000000
3054		2704.000000
3055		2704.000000
3056		2704.000000
3057		2704.000000
3058		2704.000000
3059		2704.000000
3060		2704.000000
3061		2704.000000
3062		2704.000000
3063		2704.000000
3064		2704.000000
3065		2704.000000
3066		2704.000000
3067		2704.000000
3068		2704.000000
3069		2704.000000
3070		2704.000000
3071		2704.000000
3072		2704.000000
3073		2704.000000
3074		2704.000000
3075		2704.000000
3076		2704.000000
3077		2704.000000
3078		2704.000000
3079		2704.000000
3080		2704.000000
3081		2704.000000
3082		2704.000000
3083		2704.000000
3084		2704.000000
3085		2704.000000
3086		2704.000000
3087		2704.000000
3088		2704.000000
3089		2704.000000
3090		2704.000000
3091		2704.000000
3092		2704.000000
3093		2704.000000
3094		2704.000000
3095		2704.000000
3096		2704.000000
3097		2704.000000
3098		2704.000000
3099		2704.000000
3100		2704.000000
3101		2704.000000
3102		2704.000000
3103		2704.000000
3104		2704.000000
3105		2704.000000
3106		2704.000000
3107		2704.000000
3108		2704.000000
3109		2704.000000
3110		2704.000000
3111		2704.000000
3112		2704.000000
3113		2704.000000
3114		2704.000000
3115		2704.000000
3116		2704.000000
3117		2704.000000
3118		2704.000000
3119		2704.000000
3120		2704.000000
3121		2704.000000
3122		2704.000000
3123		2704.000000
3124		2704.000000
3125		2704.000000
3126		2704.000000
3127		2704.000000
3128		2704.000000
3129		2704.000000
3130		2704.000000
3131		2704.000000
3132		2704.000000
3133		2704.000000
3134		2704.000000
3135		2704.000000
3136		2704.000000
3137		2704.000000
3138		2704.000000
3139		2704.000000
3140		2704.000000
3141		2704.000000
3142		2704.000000
3143		2704.000000
3144		2704.000000
3145		2704.000000
3146		2704.000000
3147		2704.000000
3148		2704.000000
3149		2704.000000
3150		2704.000000
3151		2704.000000
3152		2704.000000
3153		2704.000000
3154		2704.000000
3155		2704.000000
3156		2704.000000
3157		2704.000000
3158		2704.000000
3159		2704.000000
3160		2704.000000
3161		2704.000000
3162		2704.000000
3163		2704.000000
3164		2704.000000
3165		2704.000000
3166		2704.000000
3167		2704.000000
3168		2704.000000
3169		2704.000000
3170		2704.000000
3171		2704.000000
3172		2704.000000
3173		2704.000000
3174		2704.000000
3175		2704.000000
3176		2704.000000
3177		2704.000000
3178		2704.000000
3179		2704.000000
3180		2704.000000
3181		2704.000000
3182		2704.000000
3183		2704.000000
3184		2704.000000
3185		2704.000000
3186		2704.000000
3187		2704.000000
3188		2704.000000
3189		2704.000000
3190		2704.000000
3191		2704.000000
3192		2704.000000
3193		2704.000000
3194		2704.000000
3195		2704.000000
3196		2704.000000
3197		2704.000000
3198		2704.000000
3199		2704.000000
3200		2704.000000
3201		2704.000000
3202		2704.000000
3203		2704.000000
3204		2704.000000
3205		2704.000000
3206		2704.000000
3207		2704.000000
3208		2704.000000
3209		2704.000000
3210		2704.000000
3211		2704.000000
3212		2704.000000
3213		2704.000000
3214		2704.000000
3215		2704.000000
3216		2704.000000
3217		2704.000000
3218		2704.000000
3219		2704.000000
3220		2704.000000
3221		2704.000000
3222		2704.000000
3223		2704.000000
3224		2704.000000
3225		2704.000000
3226		2704.000000
3227		2704.000000
3228		2704.000000
3229		2704.000000
3230		2704.000000
3231		2704.000000
3232		2704.000000
3233		2704.000000
3234		2704.000000
3235		2704.000000
3236		2704.000000
3237		2704.000000
3238		2704.000000
3239		2704.000000
3240		2704.000000
3241		2704.000000
3242		2704.000000
3243		2704.000000
3244		2704.000000
3245		2704.000000
3246		2704.000000
3247		2704.000000
3248		2704.000000
3249		2704.000000
3250		2704.000000
3251		2704.000000
3252		2704.000000
3253		2704.000000
3254		2704.000000
3255		2704.000000
3256		2704.000000
3257		2704.000000
3258		2704.000000
3259		2704.000000
3260		2704.000000
3261		2704.000000
3262		2704.000000
3263		2704.000000
3264		2704.000000
3265		2704.000000
3266		2704.000000
3267		2704.000000
3268		2704.000000
3269		2704.000000
3270		2704.000000
3271		2704.000000
3272		2704.000000
3273		2704.000000
3274		2704.000000
3275		2704.000000
3276		2704.000000
3277		2704.000000
3278		2704.000000
3279		2704.000000
3280		2704.000000
3281		2704.000000
3282		2704.000000
3283		2704.000000
3284		2704.000000
3285		2704.000000
3286		2704.000000
3287		2704.000000
3288		2704.000000
3289		2704.000000
3290		2704.000000
3291		2704.000000
3292		2704.000000
3293		2704.000000
3294		2704.000000
3295		2704.000000
3296		2704.000000
3297		2704.000000
3298		2704.000000
3299		2704.000000
3300		2704.000000
3301		2704.000000
3302		2704.000000
3303		2704.000000
3304		2704.000000
3305		2704.000000
3306		2704.000000
3307		2704.000000
3308		2704.000000
3309		2704.000000
3310		2704.000000
3311		2704.000000
3312		2704.000000
3313		2704.000000
3314		2704.000000
3315		2704.000000
3316		2704.000000
3317		2704.000000
3318		2704.000000
3319		2704.000000
3320		2704.000000
3321		2704.000000
3322		2704.000000
3323		2704.000000
3324		2704.000000
3325		2704.000000
3326		2704.000000
3327		2704.000000
3328		2704.000000
3329		2704.000000
3330		2704.000000
3331		2704.000000
3332		2704.000000
3333		2704.000000
3334		2704.000000
3335		2704.000000
3336		2704.000000
3337		2704.000000
3338		2704.000000
3339		2704.000000
3340		2704.000000
3341		2704.000000
3342		2704.000000
3343		2704.000000
3344		2704.000000
3345		2704.000000
3346		2704.000000
3347		2704.000000
3348		2704.000000
3349		2704.000000
3350		2704.000000
3351		2704.000000
3352		2704.000000
3353		2704.000000
3354		2704.000000
3355		2704.000000
3356		2704.000000
3357		2704.000000
3358		2704.000000
3359		2704.000000
3360		2704.000000
3361		2704.000000
3362		2704.000000
3363		2704.000000
3364		2704.000000
3365		2704.000000
3366		2704.000000
3367		2704.000000
3368		2704.000000
3369		2704.000000
3370		2704.000000
3371		2704.000000
3372		2704.000000
3373		2704.000000
3374		2704.000000
3375		2704.000000
3376		2704.000000
3377		2704.000000
3378		2704.000000
3379		2704.000000
3380		2704.000000
3381		2704.000000
3382		2704.000000
3383		2704.000000
3384		2704.000000
3385		2704.000000
3386		2704.000000
3387		2704.000000
3388		2704.000000
3389		2704.000000
3390		2704.000000
3391		2704.000000
3392		2704.000000
3393		2704.000000
3394		2704.000000
3395		2704.000000
3396		2704.000000
3397		2704.000000
3398		2704.000000
3399		2704.000000
3400		2704.000000
3401		2704.000000
3402		2704.000000
3403		2704.000000
3404		2704.000000
3405		2704.000000
3406		2704.000000
3407		2704.000000
3408		2704.000000
3409		2704.000000
3410		2704.000000
3411		2704.000000
3412		2704.000000
3413		2704.000000
3414		2704.000000
3415		2704.000000
3416		2704.000000
3417		2704.000000
3418		2704.000000
3419		2704.000000
3420		2704.000000
3421		2704.000000
3422		2704.000000
3423		2704.000000
3424		2704.000000
3425		2704.000000
3426		2704.000000
3427		2704.000000
3428		2704.000000
3429		2704.000000
3430		2704.000000
3431		2704.000000
3432		2704.000000
3433		2704.000000
3434		2704.000000
3435		2704.000000
3436		2704.000000
3437		2704.000000
3438		2704.000000
3439		2704.000000
3440		2704.000000
3441		2704.000000
3442		2704.000000
3443		2704.000000
3444		2704.000000
3445		2704.000000
3446		2702.000000
3447		2691.000000
3448		2701.000000
3449		2699.000000
3450		2699.000000
3451		2699.000000
3452		2699.000000
3453		2699.000000
3454		2699.000000
3455		2699.000000
3456		2699.000000
3457		2699.000000
3458		2699.000000
3459		2698.000000
3460	