x	"NC0"
0		213.500000
1		213.500000
2		213.500000
3		213.200000
4		213.300000
5		212.700000
6		212.100000
7		211.700000
8		212.600000
9		212.500000
10		212.200000
11		212.000000
12		211.700000
13		211.500000
14		211.400000
15		211.100000
16		210.800000
17		210.800000
18		210.400000
19		209.900000
20		209.700000
21		209.500000
22		209.400000
23		209.300000
24		209.000000
25		208.800000
26		208.300000
27		208.000000
28		207.300000
29		207.200000
30		207.200000
31		207.200000
32		207.200000
33		207.200000
34		207.200000
35		207.200000
36		207.200000
37		207.200000
38		207.200000
39		207.200000
40		207.200000
41		207.200000
42		207.200000
43		207.200000
44		207.200000
45		207.200000
46		207.200000
47		207.200000
48		207.200000
49		207.200000
50		207.200000
51		207.200000
52		207.200000
53		207.200000
54		207.200000
55		207.200000
56		207.200000
57		207.200000
58		207.200000
59		207.200000
60		207.200000
61		207.200000
62		207.200000
63		207.200000
64		207.200000
65		207.200000
66		207.200000
67		207.100000
68		206.900000
69		206.400000
70		205.800000
71		206.900000
72		206.900000
73		206.800000
74		206.700000
75		206.700000
76		206.100000
77		205.700000
78		205.100000
79		204.700000
80		204.100000
81		203.500000
82		203.300000
83		202.000000
84		200.400000
85		198.500000
86		198.500000
87		198.500000
88		198.400000
89		196.500000
90		196.500000
91		196.500000
92		196.400000
93		196.400000
94		196.400000
95		196.300000
96		196.200000
97		196.000000
98		195.600000
99		195.600000
100		195.500000
101		195.500000
102		195.400000
103		195.100000
104		195.000000
105		194.600000
106		194.300000
107		194.200000
108		193.900000
109		193.400000
110		193.400000
111		193.400000
112		193.300000
113		193.300000
114		193.200000
115		193.200000
116		193.100000
117		192.700000
118		192.500000
119		191.400000
120		189.800000
121		189.300000
122		188.400000
123		188.300000
124		188.200000
125		188.100000
126		187.700000
127		187.600000
128		187.700000
129		187.700000
130		187.500000
131		187.500000
132		187.500000
133		187.200000
134		187.200000
135		187.200000
136		187.000000
137		187.000000
138		187.000000
139		186.800000
140		186.800000
141		186.800000
142		186.700000
143		186.700000
144		186.500000
145		186.400000
146		186.300000
147		186.100000
148		186.000000
149		185.900000
150		185.800000
151		185.600000
152		185.500000
153		185.400000
154		185.300000
155		185.100000
156		185.000000
157		184.900000
158		184.800000
159		184.700000
160		184.500000
161		184.400000
162		184.300000
163		184.300000
164		184.200000
165		183.800000
166		182.800000
167		181.100000
168		181.100000
169		180.400000
170		180.400000
171		179.000000
172		180.200000
173		178.700000
174		176.500000
175		166.600000
176		164.700000
177		155.700000
178		152.500000
179		142.000000
180		139.700000
181		132.400000
182		122.300000
183		109.000000
184		100.800000
185		100.800000
186		100.800000
187		99.100000
188		99.200000
189		99.200000
190		99.200000
191		99.100000
192		99.200000
193		99.200000
194		99.100000
195		99.100000
196		99.100000
197		99.100000
198		99.100000
199		99.100000
200		99.100000
201		99.000000
202		98.400000
203		96.800000
204		96.800000
205		96.800000
206		96.800000
207		96.800000
208		96.800000
209		96.800000
210		95.200000
211		95.200000
212		95.200000
213		95.200000
214		95.200000
215		95.200000
216		95.200000
217		93.900000
218		92.900000
219		92.900000
220		92.900000
221		89.800000
222		89.800000
223		89.800000
224		89.000000
225		88.700000
226		89.400000
227		89.400000
228		89.100000
229		89.100000
230		88.200000
231		89.000000
232		89.000000
233		89.000000
234		87.400000
235		88.500000
236		88.400000
237		87.300000
238		87.300000
239		87.300000
240		87.000000
241		86.800000
242		86.500000
243		84.200000
244		84.100000
245		84.000000
246		83.900000
247		83.600000
248		83.500000
249		83.300000
250		81.300000
251		81.300000
252		81.000000
253		80.700000
254		80.600000
255		80.500000
256		80.200000
257		80.100000
258		79.900000
259		79.600000
260		79.500000
261		79.200000
262		79.000000
263		78.900000
264		78.700000
265		78.500000
266		78.300000
267		78.100000
268		77.900000
269		77.700000
270		77.500000
271		77.300000
272		77.100000
273		76.900000
274		76.700000
275		76.500000
276		76.400000
277		76.100000
278		76.000000
279		76.000000
280		75.800000
281		75.600000
282		75.600000
283		75.500000
284		75.300000
285		75.200000
286		75.000000
287		74.900000
288		74.700000
289		74.600000
290		74.500000
291		74.300000
292		74.200000
293		74.000000
294		73.900000
295		73.800000
296		73.600000
297		73.400000
298		73.400000
299		73.200000
300		73.100000
301		72.900000
302		72.800000
303		72.600000
304		72.500000
305		72.300000
306		72.200000
307		72.000000
308		71.900000
309		71.800000
310		71.700000
311		71.500000
312		71.400000
313		71.200000
314		71.100000
315		71.000000
316		70.800000
317		70.700000
318		70.600000
319		70.400000
320		70.200000
321		70.200000
322		70.000000
323		68.800000
324		70.100000
325		70.100000
326		70.100000
327		70.100000
328		70.100000
329		68.500000
330		59.500000
331		59.500000
332		59.500000
333		57.900000
334		56.300000
335		54.700000
336		54.600000
337		54.600000
338		54.600000
339		54.600000
340		54.600000
341		54.600000
342		54.600000
343		54.600000
344		54.600000
345		54.600000
346		54.600000
347		54.600000
348		54.600000
349		54.600000
350		54.600000
351		54.600000
352		54.600000
353		54.600000
354		54.600000
355		54.600000
356		54.600000
357		54.600000
358		54.600000
359		54.600000
360		54.600000
361		54.600000
362		54.600000
363		54.600000
364		54.600000
365		54.600000
366		54.600000
367		54.600000
368		54.600000
369		54.600000
370		54.600000
371		54.600000
372		54.600000
373		54.600000
374		54.600000
375		54.600000
376		54.600000
377		54.700000
378		54.700000
379		54.700000
380		54.700000
381		54.700000
382		54.700000
383		54.700000
384		54.700000
385		54.700000
386		54.700000
387		54.700000
388		54.700000
389		54.700000
390		54.700000
391		54.700000
392		54.700000
393		54.700000
394		54.700000
395		54.700000
396		54.700000
397		54.600000
398		54.700000
399		54.600000
400		54.700000
401		54.700000
402		54.300000
403		54.600000
404		53.300000
405		54.600000
406		54.400000
407		54.200000
408		53.300000
409		53.900000
410		53.900000
411		53.900000
412		52.000000
413		53.600000
414		53.100000
415		52.700000
416		52.200000
417		52.000000
418		51.800000
419		51.700000
420		51.600000
421		51.600000
422		56.300000
423		56.200000
424		56.100000
425		55.900000
426		55.800000
427		55.600000
428		55.500000
429		55.400000
430		55.200000
431		55.100000
432		55.000000
433		54.800000
434		54.700000
435		54.700000
436		54.600000
437		54.400000
438		54.300000
439		54.200000
440		54.100000
441		53.900000
442		53.800000
443		53.600000
444		53.500000
445		53.400000
446		53.200000
447		53.100000
448		53.000000
449		52.800000
450		52.700000
451		52.600000
452		52.400000
453		52.200000
454		52.200000
455		52.000000
456		51.900000
457		51.700000
458		51.500000
459		51.500000
460		51.300000
461		51.100000
462		51.000000
463		50.900000
464		50.700000
465		50.500000
466		50.400000
467		50.200000
468		50.100000
469		49.900000
470		49.800000
471		49.600000
472		49.500000
473		49.300000
474		49.200000
475		49.000000
476		48.900000
477		48.700000
478		48.600000
479		48.500000
480		48.300000
481		48.200000
482		48.100000
483		47.900000
484		47.700000
485		47.700000
486		47.500000
487		47.400000
488		47.300000
489		47.100000
490		46.900000
491		46.800000
492		46.600000
493		46.500000
494		46.400000
495		46.300000
496		46.100000
497		46.000000
498		45.900000
499		45.700000
500		45.600000
501		45.500000
502		45.300000
503		45.200000
504		45.100000
505		44.900000
506		44.800000
507		44.600000
508		44.500000
509		44.300000
510		44.100000
511		44.100000
512		43.900000
513		43.800000
514		43.700000
515		43.600000
516		43.400000
517		43.200000
518		43.000000
519		42.900000
520		42.800000
521		42.600000
522		42.500000
523		42.400000
524		42.200000
525		42.100000
526		42.000000
527		41.800000
528		41.700000
529		41.600000
530		41.400000
531		41.300000
532		41.200000
533		41.000000
534		40.900000
535		40.700000
536		40.500000
537		40.400000
538		40.200000
539		40.100000
540		40.000000
541		39.900000
542		39.800000
543		39.700000
544		39.600000
545		39.500000
546		39.300000
547		39.200000
548		39.100000
549		38.900000
550		38.800000
551		38.700000
552		38.500000
553		38.500000
554		38.500000
555		38.500000
556		38.400000
557		36.600000
558		36.600000
559		35.000000
560		33.400000
561		33.400000
562		33.400000
563		33.400000
564		33.400000
565		33.400000
566		33.400000
567		33.400000
568		33.400000
569		33.400000
570		33.400000
571		33.400000
572		33.400000
573		33.400000
574		33.400000
575		33.400000
576		33.400000
577		33.400000
578		33.400000
579		33.400000
580		33.400000
581		33.400000
582		33.400000
583		33.400000
584		33.400000
585		33.400000
586		33.400000
587		33.400000
588		33.400000
589		33.400000
590		33.400000
591		33.300000
592		33.300000
593		33.300000
594		33.300000
595		33.300000
596		33.300000
597		33.300000
598		33.300000
599		33.300000
600		33.300000
601		33.300000
602		33.300000
603		33.300000
604		33.300000
605		33.300000
606		33.400000
607		33.400000
608		33.400000
609		33.400000
610		33.400000
611		33.400000
612		33.400000
613		33.400000
614		33.400000
615		33.400000
616		33.400000
617		33.400000
618		33.400000
619		33.400000
620		33.400000
621		33.400000
622		33.400000
623		33.400000
624		33.400000
625		33.400000
626		33.400000
627		33.400000
628		33.400000
629		33.400000
630		33.400000
631		33.400000
632		33.400000
633		33.400000
634		33.400000
635		33.400000
636		33.400000
637		33.400000
638		33.400000
639		33.400000
640		33.400000
641		33.400000
642		33.400000
643		33.400000
644		33.400000
645		33.400000
646		33.400000
647		33.400000
648		33.400000
649		33.400000
650		33.400000
651		33.400000
652		33.400000
653		33.400000
654		33.400000
655		33.400000
656		33.400000
657		33.400000
658		33.400000
659		33.400000
660		33.400000
661		33.400000
662		33.400000
663		33.400000
664		33.400000
665		33.400000
666		33.400000
667		33.400000
668		33.400000
669		33.400000
670		33.400000
671		33.400000
672		33.300000
673		33.400000
674		33.300000
675		33.400000
676		33.300000
677		33.400000
678		32.800000
679		32.600000
680		32.900000
681		32.800000
682		32.700000
683		32.700000
684		32.700000
685		32.300000
686		32.300000
687		32.200000
688		32.000000
689		32.000000
690		31.500000
691		30.600000
692		30.600000
693		30.400000
694		30.200000
695		30.100000
696		30.000000
697		29.800000
698		29.700000
699		29.500000
700		29.400000
701		29.300000
702		29.100000
703		29.000000
704		28.800000
705		28.600000
706		28.500000
707		28.300000
708		28.200000
709		28.000000
710		27.900000
711		27.800000
712		27.600000
713		27.400000
714		27.400000
715		27.200000
716		27.100000
717		27.000000
718		26.800000
719		26.700000
720		26.600000
721		26.400000
722		26.300000
723		26.200000
724		26.000000
725		25.900000
726		25.700000
727		25.600000
728		25.800000
729		25.600000
730		25.500000
731		25.300000
732		25.200000
733		25.000000
734		24.900000
735		24.800000
736		24.600000
737		24.500000
738		24.300000
739		24.200000
740		24.100000
741		23.900000
742		23.800000
743		23.600000
744		23.400000
745		23.300000
746		23.100000
747		22.900000
748		22.700000
749		22.700000
750		22.500000
751		22.300000
752		22.200000
753		22.000000
754		21.900000
755		21.800000
756		21.600000
757		21.500000
758		21.300000
759		21.200000
760		21.000000
761		20.900000
762		20.800000
763		20.600000
764		20.500000
765		20.200000
766		20.200000
767		20.000000
768		19.900000
769		19.700000
770		19.600000
771		19.500000
772		19.300000
773		19.100000
774		19.100000
775		18.900000
776		18.700000
777		18.600000
778		18.400000
779		18.300000
780		18.100000
781		18.000000
782		17.800000
783		17.700000
784		17.500000
785		17.400000
786		17.200000
787		17.100000
788		16.900000
789		16.800000
790		16.700000
791		16.500000
792		16.400000
793		16.200000
794		16.100000
795		15.900000
796		15.800000
797		15.700000
798		15.500000
799		15.400000
800		15.300000
801		15.100000
802		14.900000
803		14.800000
804		14.600000
805		14.500000
806		14.300000
807		14.200000
808		14.100000
809		13.900000
810		13.800000
811		13.600000
812		13.500000
813		13.300000
814		13.200000
815		13.100000
816		12.900000
817		12.800000
818		12.700000
819		12.500000
820		12.300000
821		12.300000
822		12.100000
823		11.900000
824		11.900000
825		11.800000
826		11.500000
827		11.400000
828		11.200000
829		11.100000
830		11.000000
831		10.800000
832		10.700000
833		10.500000
834		10.400000
835		10.200000
836		10.100000
837		10.000000
838		9.800000
839		9.700000
840		9.500000
841		9.400000
842		9.300000
843		9.100000
844		9.000000
845		8.800000
846		8.700000
847		8.500000
848		8.400000
849		8.200000
850		8.100000
851		8.000000
852		7.800000
853		7.600000
854		7.500000
855		7.300000
856		7.200000
857		7.100000
858		6.900000
859		8.000000
860		7.900000
861		7.900000
862		8.000000
863		7.900000
864		7.900000
865		7.900000
866		7.900000
867		8.000000
868		7.900000
869		7.900000
870		7.900000
871		7.900000
872		7.900000
873		8.000000
874		8.000000
875		7.800000
876		9.100000
877		9.100000
878		9.100000
879		9.100000
880		9.100000
881		9.100000
882		9.100000
883		9.100000
884		9.100000
885		9.100000
886		9.100000
887		9.100000
888		9.100000
889		9.100000
890		9.100000
891		9.100000
892		10.700000
893		10.700000
894		10.700000
895		10.700000
896		10.700000
897		10.700000
898		10.700000
899		10.700000
900		10.500000
901		10.500000
902		10.500000
903		10.500000
904		10.500000
905		10.500000
906		10.500000
907		10.600000
908		10.600000
909		10.600000
910		10.600000
911		10.600000
912		10.600000
913		10.600000
914		10.600000
915		10.600000
916		10.600000
917		10.600000
918		10.600000
919		10.700000
920		10.700000
921		10.700000
922		10.700000
923		10.700000
924		10.700000
925		10.700000
926		10.700000
927		10.700000
928		10.700000
929		10.700000
930		10.700000
931		10.700000
932		10.700000
933		10.700000
934		10.700000
935		10.700000
936		10.700000
937		10.700000
938		10.700000
939		10.700000
940		10.700000
941		10.700000
942		10.700000
943		10.700000
944		10.700000
945		10.700000
946		10.700000
947		10.700000
948		10.700000
949		10.700000
950		10.700000
951		10.700000
952		10.700000
953		10.700000
954		10.700000
955		10.500000
956		10.500000
957		10.500000
958		10.500000
959		10.500000
960		10.500000
961		10.500000
962		10.500000
963		10.500000
964		10.500000
965		10.500000
966		10.500000
967		10.500000
968		10.500000
969		10.500000
970		10.500000
971		10.500000
972		10.600000
973		10.600000
974		10.600000
975		10.600000
976		10.600000
977		10.600000
978		10.600000
979		10.600000
980		10.600000
981		10.600000
982		10.600000
983		10.600000
984		10.600000
985		10.700000
986		10.700000
987		10.700000
988		10.700000
989		10.700000
990		10.700000
991		10.700000
992		10.700000
993		10.700000
994		10.700000
995		10.700000
996		10.700000
997		10.700000
998		10.700000
999		10.700000
1000		10.700000
1001		10.700000
1002		10.700000
1003		10.700000
1004		10.700000
1005		10.700000
1006		10.700000
1007		10.700000
1008		10.700000
1009		10.700000
1010		10.700000
1011		10.700000
1012		10.700000
1013		10.700000
1014		10.700000
1015		10.700000
1016		10.700000
1017		10.700000
1018		10.700000
1019		10.700000
1020		10.700000
1021		10.700000
1022		10.700000
1023		10.700000
1024		10.700000
1025		10.700000
1026		10.700000
1027		10.700000
1028		10.700000
1029		10.700000
1030		10.700000
1031		10.700000
1032		10.700000
1033		10.700000
1034		10.700000
1035		10.700000
1036		10.700000
1037		10.600000
1038		10.700000
1039		10.600000
1040		10.700000
1041		10.600000
1042		10.400000
1043		10.600000
1044		10.500000
1045		10.600000
1046		10.600000
1047		10.500000
1048		10.000000
1049		10.400000
1050		10.400000
1051		10.400000
1052		10.400000
1053		17.800000
1054		23.900000
1055		24.100000
1056		24.100000
1057		24.000000
1058		23.900000
1059		23.900000
1060		23.900000
1061		24.200000
1062		24.100000
1063		24.000000
1064		23.900000
1065		23.900000
1066		24.100000
1067		24.100000
1068		24.100000
1069		24.000000
1070		23.900000
1071		23.800000
1072		23.800000
1073		23.500000
1074		23.600000
1075		23.100000
1076		22.700000
1077		22.400000
1078		22.200000
1079		22.100000
1080		23.900000
1081		23.600000
1082		24.200000
1083		24.200000
1084		24.100000
1085		24.000000
1086		23.900000
1087		23.900000
1088		24.000000
1089		23.900000
1090		24.000000
1091		24.000000
1092		26.900000
1093		34.400000
1094		162.900000
1095		210.100000
1096		210.100000
1097	