2.0	0.03162860870361328	8.106231689453125E-5	8.106231689453125E-5	8.106231689453125E-5	8.106231689453125E-5	8.106231689453125E-5	8.106231689453125E-5	7.724761962890625E-5
5.0	0.009063720703125	8.106231689453125E-5	8.106231689453125E-5	8.106231689453125E-5	8.106231689453125E-5	8.106231689453125E-5	8.106231689453125E-5	8.106231689453125E-5
8.0	0.0018091201782226562	8.106231689453125E-5	8.106231689453125E-5	8.106231689453125E-5	8.106231689453125E-5	8.106231689453125E-5	8.106231689453125E-5	8.106231689453125E-5
11.0	0.010953903198242188	8.106231689453125E-5	8.106231689453125E-5	8.106231689453125E-5	8.106231689453125E-5	8.106231689453125E-5	8.106231689453125E-5	8.106231689453125E-5
14.0	1.3065338134765625E-4	8.106231689453125E-5	7.724761962890625E-5	8.106231689453125E-5	8.106231689453125E-5	8.106231689453125E-5	8.106231689453125E-5	8.106231689453125E-5
17.0	0.0021762847900390625	8.106231689453125E-5	7.724761962890625E-5	8.106231689453125E-5	8.106231689453125E-5	8.106231689453125E-5	8.106231689453125E-5	8.106231689453125E-5
20.0	0.0045223236083984375	0.005665779113769531	8.106231689453125E-5	8.106231689453125E-5	8.106231689453125E-5	8.106231689453125E-5	8.106231689453125E-5	8.106231689453125E-5
23.0	7.82012939453125E-5	0.009823799133300781	8.106231689453125E-5	8.106231689453125E-5	8.106231689453125E-5	8.106231689453125E-5	8.106231689453125E-5	8.106231689453125E-5
26.0	8.20159912109375E-5	5.197525024414062E-4	0.00576019287109375	8.106231689453125E-5	8.106231689453125E-5	8.106231689453125E-5	8.106231689453125E-5	8.106231689453125E-5
29.0	4.0531158447265625E-4	2.4127960205078125E-4	0.0019731521606445312	8.106231689453125E-5	8.106231689453125E-5	8.106231689453125E-5	8.106231689453125E-5	8.106231689453125E-5
32.0	0.0299224853515625	0.010088920593261719	0.0053348541259765625	0.005764961242675781	8.106231689453125E-5	8.106231689453125E-5	8.106231689453125E-5	8.106231689453125E-5
35.0	8.106231689453125E-5	8.106231689453125E-5	8.106231689453125E-5	0.009462356567382812	8.106231689453125E-5	8.106231689453125E-5	8.106231689453125E-5	7.724761962890625E-5
38.0	8.106231689453125E-5	0.0019044876098632812	0.012076377868652344	8.106231689453125E-5	0.005764961242675781	8.106231689453125E-5	8.106231689453125E-5	8.106231689453125E-5
41.0	8.106231689453125E-5	8.20159912109375E-5	8.106231689453125E-5	7.219314575195312E-4	0.011129379272460938	0.005764961242675781	7.724761962890625E-5	8.106231689453125E-5
44.0	8.106231689453125E-5	8.106231689453125E-5	8.106231689453125E-5	0.011386871337890625	8.106231689453125E-5	0.011678695678710938	8.106231689453125E-5	8.106231689453125E-5
47.0	8.106231689453125E-5	8.106231689453125E-5	8.106231689453125E-5	8.106231689453125E-5	7.219314575195312E-4	6.456375122070312E-4	0.005665779113769531	8.106231689453125E-5
50.0	8.106231689453125E-5	8.106231689453125E-5	8.106231689453125E-5	8.106231689453125E-5	0.011386871337890625	6.456375122070312E-4	0.006539344787597656	8.106231689453125E-5
53.0	8.106231689453125E-5	8.106231689453125E-5	8.106231689453125E-5	8.106231689453125E-5	8.106231689453125E-5	7.724761962890625E-5	1.8024444580078125E-4	0.005761146545410156
56.0	8.106231689453125E-5	8.106231689453125E-5	8.106231689453125E-5	8.106231689453125E-5	8.106231689453125E-5	0.012026786804199219	1.8024444580078125E-4	0.0033283233642578125
59.0	8.106231689453125E-5	8.106231689453125E-5	8.106231689453125E-5	8.106231689453125E-5	8.106231689453125E-5	8.106231689453125E-5	2.4127960205078125E-4	0.0014057159423828125
62.0	8.106231689453125E-5	8.106231689453125E-5	8.106231689453125E-5	8.106231689453125E-5	8.106231689453125E-5	8.106231689453125E-5	0.011862754821777344	8.106231689453125E-5
65.0	8.106231689453125E-5	8.106231689453125E-5	8.106231689453125E-5	8.106231689453125E-5	8.106231689453125E-5	8.106231689453125E-5	8.106231689453125E-5	0.012076377868652344
68.0	8.106231689453125E-5	0.0011796951293945312	0.0011796951293945312	8.106231689453125E-5	8.106231689453125E-5	8.106231689453125E-5	8.106231689453125E-5	8.106231689453125E-5
71.0	8.106231689453125E-5	4.8542022705078125E-4	4.8542022705078125E-4	0.00153350830078125	4.84466552734375E-4	8.106231689453125E-5	8.106231689453125E-5	4.84466552734375E-4
74.0	8.106231689453125E-5	4.8542022705078125E-4	7.82012939453125E-5	1.316070556640625E-4	7.724761962890625E-5	4.84466552734375E-4	4.84466552734375E-4	8.20159912109375E-5
77.0	8.106231689453125E-5	8.20159912109375E-5	8.20159912109375E-5	8.20159912109375E-5	0.0011796951293945312	8.20159912109375E-5	8.20159912109375E-5	8.106231689453125E-5
80.0	8.106231689453125E-5	8.106231689453125E-5	8.106231689453125E-5	8.106231689453125E-5	8.20159912109375E-5	8.106231689453125E-5	8.106231689453125E-5	8.106231689453125E-5
83.0	8.106231689453125E-5	8.106231689453125E-5	2.4509429931640625E-4	2.4127960205078125E-4	2.4509429931640625E-4	2.4509429931640625E-4	8.106231689453125E-5	8.106231689453125E-5
86.0	8.106231689453125E-5	4.863739013671875E-4	2.4509429931640625E-4	2.4127960205078125E-4	2.4509429931640625E-4	2.4509429931640625E-4	8.106231689453125E-5	8.106231689453125E-5
89.0	8.106231689453125E-5	4.863739013671875E-4	2.4509429931640625E-4	2.4127960205078125E-4	2.4509429931640625E-4	2.4509429931640625E-4	8.106231689453125E-5	8.106231689453125E-5
92.0	8.106231689453125E-5	4.863739013671875E-4	2.4509429931640625E-4	2.4127960205078125E-4	2.4509429931640625E-4	2.4509429931640625E-4	8.106231689453125E-5	8.106231689453125E-5
95.0	8.106231689453125E-5	4.863739013671875E-4	2.4509429931640625E-4	2.4127960205078125E-4	2.4509429931640625E-4	2.4509429931640625E-4	8.106231689453125E-5	8.106231689453125E-5
98.0	8.106231689453125E-5	4.863739013671875E-4	2.4509429931640625E-4	2.4127960205078125E-4	2.4509429931640625E-4	2.4509429931640625E-4	8.106231689453125E-5	8.106231689453125E-5
101.0	8.106231689453125E-5	4.863739013671875E-4	2.4509429931640625E-4	2.4127960205078125E-4	2.4509429931640625E-4	2.4509429931640625E-4	8.106231689453125E-5	8.106231689453125E-5
104.0	8.106231689453125E-5	4.863739013671875E-4	2.4509429931640625E-4	2.4127960205078125E-4	2.4509429931640625E-4	2.4509429931640625E-4	8.106231689453125E-5	8.106231689453125E-5
107.0	8.106231689453125E-5	4.863739013671875E-4	2.4509429931640625E-4	2.4127960205078125E-4	2.4509429931640625E-4	2.4509429931640625E-4	8.106231689453125E-5	8.106231689453125E-5
110.0	8.106231689453125E-5	4.863739013671875E-4	2.4509429931640625E-4	2.4127960205078125E-4	2.4509429931640625E-4	2.4509429931640625E-4	8.106231689453125E-5	8.106231689453125E-5
113.0	8.106231689453125E-5	4.863739013671875E-4	2.4509429931640625E-4	2.4127960205078125E-4	2.4509429931640625E-4	2.4509429931640625E-4	8.106231689453125E-5	8.106231689453125E-5
116.0	8.106231689453125E-5	4.863739013671875E-4	2.4509429931640625E-4	2.4127960205078125E-4	2.4509429931640625E-4	2.4509429931640625E-4	8.106231689453125E-5	8.106231689453125E-5
119.0	8.106231689453125E-5	4.863739013671875E-4	2.4509429931640625E-4	2.4127960205078125E-4	2.4509429931640625E-4	2.4509429931640625E-4	8.106231689453125E-5	8.106231689453125E-5
122.0	8.106231689453125E-5	4.863739013671875E-4	2.4509429931640625E-4	2.4127960205078125E-4	2.4509429931640625E-4	2.4509429931640625E-4	8.106231689453125E-5	8.106231689453125E-5
125.0	8.106231689453125E-5	4.863739013671875E-4	2.4509429931640625E-4	2.4127960205078125E-4	2.4509429931640625E-4	2.4509429931640625E-4	8.106231689453125E-5	8.106231689453125E-5
128.0	8.106231689453125E-5	4.863739013671875E-4	2.4509429931640625E-4	2.4127960205078125E-4	2.4509429931640625E-4	2.4509429931640625E-4	8.106231689453125E-5	8.106231689453125E-5
131.0	8.106231689453125E-5	4.863739013671875E-4	2.4509429931640625E-4	2.4127960205078125E-4	2.4509429931640625E-4	2.4509429931640625E-4	8.106231689453125E-5	8.106231689453125E-5
134.0	8.106231689453125E-5	4.863739013671875E-4	2.4509429931640625E-4	2.4127960205078125E-4	2.4509429931640625E-4	2.4509429931640625E-4	8.106231689453125E-5	8.106231689453125E-5
137.0	8.106231689453125E-5	4.863739013671875E-4	2.4509429931640625E-4	2.4127960205078125E-4	2.4509429931640625E-4	2.4509429931640625E-4	8.106231689453125E-5	8.106231689453125E-5
140.0	8.106231689453125E-5	4.863739013671875E-4	2.4509429931640625E-4	2.4127960205078125E-4	2.4509429931640625E-4	2.4509429931640625E-4	8.106231689453125E-5	8.106231689453125E-5
143.0	8.106231689453125E-5	4.863739013671875E-4	2.4509429931640625E-4	2.4127960205078125E-4	2.4509429931640625E-4	2.4509429931640625E-4	8.106231689453125E-5	8.106231689453125E-5
146.0	8.106231689453125E-5	4.863739013671875E-4	2.4509429931640625E-4	2.4127960205078125E-4	2.4509429931640625E-4	2.4509429931640625E-4	8.106231689453125E-5	8.106231689453125E-5
149.0	8.106231689453125E-5	4.863739013671875E-4	2.4509429931640625E-4	2.4127960205078125E-4	2.4509429931640625E-4	2.4509429931640625E-4	8.106231689453125E-5	8.106231689453125E-5
152.0	8.106231689453125E-5	4.863739013671875E-4	2.4509429931640625E-4	2.4127960205078125E-4	2.4509429931640625E-4	2.4509429931640625E-4	8.106231689453125E-5	8.106231689453125E-5
155.0	8.106231689453125E-5	4.863739013671875E-4	2.4509429931640625E-4	2.4127960205078125E-4	2.4509429931640625E-4	2.4509429931640625E-4	8.106231689453125E-5	8.106231689453125E-5
158.0	8.106231689453125E-5	4.863739013671875E-4	2.4509429931640625E-4	2.4127960205078125E-4	2.4509429931640625E-4	2.4509429931640625E-4	8.106231689453125E-5	8.106231689453125E-5
161.0	8.106231689453125E-5	4.863739013671875E-4	2.4509429931640625E-4	2.4127960205078125E-4	2.4509429931640625E-4	2.4509429931640625E-4	8.106231689453125E-5	8.106231689453125E-5
164.0	8.106231689453125E-5	4.863739013671875E-4	2.4509429931640625E-4	2.4127960205078125E-4	2.4509429931640625E-4	2.4509429931640625E-4	8.106231689453125E-5	8.106231689453125E-5
167.0	8.106231689453125E-5	4.863739013671875E-4	2.4509429931640625E-4	2.4127960205078125E-4	2.4509429931640625E-4	2.4509429931640625E-4	8.106231689453125E-5	8.106231689453125E-5
170.0	8.106231689453125E-5	4.863739013671875E-4	2.4509429931640625E-4	2.4127960205078125E-4	2.4509429931640625E-4	2.4509429931640625E-4	8.106231689453125E-5	8.106231689453125E-5
173.0	8.106231689453125E-5	4.863739013671875E-4	2.4509429931640625E-4	2.4127960205078125E-4	2.4509429931640625E-4	2.4509429931640625E-4	8.106231689453125E-5	8.106231689453125E-5
176.0	8.106231689453125E-5	4.863739013671875E-4	2.4509429931640625E-4	2.4127960205078125E-4	2.4509429931640625E-4	2.4509429931640625E-4	8.106231689453125E-5	8.106231689453125E-5
179.0	8.106231689453125E-5	4.863739013671875E-4	2.4509429931640625E-4	2.4127960205078125E-4	2.4509429931640625E-4	2.4509429931640625E-4	8.106231689453125E-5	8.106231689453125E-5
182.0	8.106231689453125E-5	4.863739013671875E-4	2.4509429931640625E-4	2.4127960205078125E-4	2.4509429931640625E-4	2.4509429931640625E-4	8.106231689453125E-5	8.106231689453125E-5
185.0	8.106231689453125E-5	4.863739013671875E-4	2.4509429931640625E-4	2.4127960205078125E-4	2.4509429931640625E-4	2.4509429931640625E-4	8.106231689453125E-5	8.106231689453125E-5
188.0	8.106231689453125E-5	4.863739013671875E-4	2.4509429931640625E-4	2.4127960205078125E-4	2.4509429931640625E-4	2.4509429931640625E-4	8.106231689453125E-5	8.106231689453125E-5
191.0	8.106231689453125E-5	4.863739013671875E-4	2.4509429931640625E-4	2.4127960205078125E-4	2.4509429931640625E-4	2.4509429931640625E-4	8.106231689453125E-5	8.106231689453125E-5
194.0	8.106231689453125E-5	4.863739013671875E-4	2.4509429931640625E-4	2.4127960205078125E-4	2.4509429931640625E-4	2.4509429931640625E-4	8.106231689453125E-5	8.106231689453125E-5
197.0	8.106231689453125E-5	4.863739013671875E-4	2.4509429931640625E-4	2.4127960205078125E-4	2.4509429931640625E-4	2.4509429931640625E-4	8.106231689453125E-5	8.106231689453125E-5
200.0	8.106231689453125E-5	4.863739013671875E-4	2.4509429931640625E-4	2.4127960205078125E-4	2.4509429931640625E-4	2.4509429931640625E-4	8.106231689453125E-5	8.106231689453125E-5
203.0	8.106231689453125E-5	4.863739013671875E-4	2.4509429931640625E-4	2.4127960205078125E-4	2.4509429931640625E-4	2.4509429931640625E-4	8.106231689453125E-5	8.106231689453125E-5
206.0	8.106231689453125E-5	4.863739013671875E-4	2.4509429931640625E-4	2.4127960205078125E-4	2.4509429931640625E-4	2.4509429931640625E-4	8.106231689453125E-5	8.106231689453125E-5
209.0	8.106231689453125E-5	4.863739013671875E-4	2.4509429931640625E-4	2.4127960205078125E-4	2.4509429931640625E-4	2.4509429931640625E-4	8.106231689453125E-5	8.106231689453125E-5
212.0	8.106231689453125E-5	4.863739013671875E-4	2.4509429931640625E-4	2.4127960205078125E-4	2.4509429931640625E-4	2.4509429931640625E-4	8.106231689453125E-5	8.106231689453125E-5
215.0	8.106231689453125E-5	4.863739013671875E-4	2.4509429931640625E-4	2.4127960205078125E-4	2.4509429931640625E-4	2.4509429931640625E-4	8.106231689453125E-5	8.106231689453125E-5
218.0	8.106231689453125E-5	4.863739013671875E-4	2.4509429931640625E-4	2.4127960205078125E-4	2.4509429931640625E-4	2.4509429931640625E-4	8.106231689453125E-5	8.106231689453125E-5
221.0	8.106231689453125E-5	4.863739013671875E-4	2.4509429931640625E-4	2.4127960205078125E-4	2.4509429931640625E-4	2.4509429931640625E-4	8.106231689453125E-5	8.106231689453125E-5
224.0	8.106231689453125E-5	4.863739013671875E-4	2.4509429931640625E-4	2.4127960205078125E-4	2.4509429931640625E-4	2.4509429931640625E-4	8.106231689453125E-5	8.106231689453125E-5
227.0	8.106231689453125E-5	4.863739013671875E-4	2.4509429931640625E-4	2.4127960205078125E-4	2.4509429931640625E-4	2.4509429931640625E-4	8.106231689453125E-5	8.106231689453125E-5
230.0	8.106231689453125E-5	4.863739013671875E-4	2.4509429931640625E-4	2.4127960205078125E-4	2.4509429931640625E-4	2.4509429931640625E-4	8.106231689453125E-5	8.106231689453125E-5
233.0	8.106231689453125E-5	4.863739013671875E-4	2.4509429931640625E-4	2.4127960205078125E-4	2.4509429931640625E-4	2.4509429931640625E-4	8.106231689453125E-5	8.106231689453125E-5
236.0	8.106231689453125E-5	4.863739013671875E-4	2.4509429931640625E-4	2.4127960205078125E-4	2.4509429931640625E-4	2.4509429931640625E-4	8.106231689453125E-5	8.106231689453125E-5
239.0	8.106231689453125E-5	4.863739013671875E-4	2.4509429931640625E-4	2.4127960205078125E-4	2.4509429931640625E-4	2.4509429931640625E-4	8.106231689453125E-5	8.106231689453125E-5
242.0	8.106231689453125E-5	4.863739013671875E-4	2.4509429931640625E-4	2.4127960205078125E-4	2.4509429931640625E-4	2.4509429931640625E-4	8.106231689453125E-5	8.106231689453125E-5
245.0	8.106231689453125E-5	4.863739013671875E-4	2.4509429931640625E-4	2.4127960205078125E-4	2.4509429931640625E-4	2.4509429931640625E-4	8.106231689453125E-5	8.106231689453125E-5
248.0	8.106231689453125E-5	4.863739013671875E-4	2.4509429931640625E-4	2.4127960205078125E-4	2.4509429931640625E-4	2.4509429931640625E-4	8.106231689453125E-5	8.106231689453125E-5
251.0	8.106231689453125E-5	4.863739013671875E-4	2.4509429931640625E-4	2.4127960205078125E-4	2.4509429931640625E-4	2.4509429931640625E-4	8.106231689453125E-5	8.106231689453125E-5
254.0	8.106231689453125E-5	4.863739013671875E-4	2.4509429931640625E-4	2.4127960205078125E-4	2.4509429931640625E-4	2.4509429931640625E-4	8.106231689453125E-5	8.106231689453125E-5
257.0	8.106231689453125E-5	4.863739013671875E-4	2.4509429931640625E-4	2.4127960205078125E-4	2.4509429931640625E-4	2.4509429931640625E-4	8.106231689453125E-5	8.106231689453125E-5
260.0	8.106231689453125E-5	4.863739013671875E-4	2.4509429931640625E-4	2.4127960205078125E-4	2.4509429931640625E-4	2.4509429931640625E-4	8.106231689453125E-5	8.106231689453125E-5
263.0	8.106231689453125E-5	4.863739013671875E-4	2.4509429931640625E-4	2.4127960205078125E-4	2.4509429931640625E-4	2.4509429931640625E-4	8.106231689453125E-5	8.106231689453125E-5
266.0	8.106231689453125E-5	4.863739013671875E-4	2.4509429931640625E-4	2.4127960205078125E-4	2.4509429931640625E-4	2.4509429931640625E-4	8.106231689453125E-5	8.106231689453125E-5
269.0	8.106231689453125E-5	4.863739013671875E-4	2.4509429931640625E-4	2.4127960205078125E-4	2.4509429931640625E-4	2.4509429931640625E-4	8.106231689453125E-5	8.106231689453125E-5
272.0	8.106231689453125E-5	4.863739013671875E-4	2.4509429931640625E-4	2.4127960205078125E-4	2.4509429931640625E-4	2.4509429931640625E-4	8.106231689453125E-5	8.106231689453125E-5
275.0	8.106231689453125E-5	4.863739013671875E-4	2.4509429931640625E-4	2.4127960205078125E-4	2.4509429931640625E-4	2.4509429931640625E-4	8.106231689453125E-5	8.106231689453125E-5
278.0	8.106231689453125E-5	4.863739013671875E-4	2.4509429931640625E-4	2.4127960205078125E-4	2.4509429931640625E-4	2.4509429931640625E-4	8.106231689453125E-5	8.106231689453125E-5
281.0	8.106231689453125E-5	4.863739013671875E-4	2.4509429931640625E-4	2.4127960205078125E-4	2.4509429931640625E-4	2.4509429931640625E-4	8.106231689453125E-5	8.106231689453125E-5
284.0	8.106231689453125E-5	4.863739013671875E-4	2.4509429931640625E-4	2.4127960205078125E-4	2.4509429931640625E-4	2.4509429931640625E-4	8.106231689453125E-5	8.106231689453125E-5
287.0	8.106231689453125E-5	4.863739013671875E-4	2.4509429931640625E-4	2.4127960205078125E-4	2.4509429931640625E-4	2.4509429931640625E-4	8.106231689453125E-5	8.106231689453125E-5
290.0	8.106231689453125E-5	4.863739013671875E-4	2.4509429931640625E-4	2.4127960205078125E-4	2.4509429931640625E-4	2.4509429931640625E-4	8.106231689453125E-5	8.106231689453125E-5
293.0	8.106231689453125E-5	4.863739013671875E-4	2.4509429931640625E-4	2.4127960205078125E-4	2.4509429931640625E-4	2.4509429931640625E-4	8.106231689453125E-5	8.106231689453125E-5
296.0	8.106231689453125E-5	4.863739013671875E-4	2.4509429931640625E-4	2.4127960205078125E-4	2.4509429931640625E-4	2.4509429931640625E-4	8.106231689453125E-5	8.106231689453125E-5
299.0	8.106231689453125E-5	4.863739013671875E-4	2.4509429931640625E-4	2.4127960205078125E-4	2.4509429931640625E-4	2.4509429931640625E-4	8.106231689453125E-5	8.106231689453125E-5
302.0	8.106231689453125E-5	4.863739013671875E-4	2.4509429931640625E-4	2.4127960205078125E-4	2.4509429931640625E-4	2.4509429931640625E-4	8.106231689453125E-5	8.106231689453125E-5
305.0	8.106231689453125E-5	4.863739013671875E-4	2.4509429931640625E-4	2.4127960205078125E-4	2.4509429931640625E-4	2.4509429931640625E-4	8.106231689453125E-5	8.106231689453125E-5
308.0	8.106231689453125E-5	4.863739013671875E-4	2.4509429931640625E-4	2.4127960205078125E-4	2.4509429931640625E-4	2.4509429931640625E-4	8.106231689453125E-5	8.106231689453125E-5
311.0	8.106231689453125E-5	4.863739013671875E-4	2.4509429931640625E-4	2.4127960205078125E-4	2.4509429931640625E-4	2.4509429931640625E-4	8.106231689453125E-5	8.106231689453125E-5
314.0	8.106231689453125E-5	4.863739013671875E-4	2.4509429931640625E-4	2.4127960205078125E-4	2.4509429931640625E-4	2.4509429931640625E-4	8.106231689453125E-5	8.106231689453125E-5
317.0	8.106231689453125E-5	4.863739013671875E-4	2.4509429931640625E-4	2.4127960205078125E-4	2.4509429931640625E-4	2.4509429931640625E-4	8.106231689453125E-5	8.106231689453125E-5
320.0	8.106231689453125E-5	4.863739013671875E-4	2.4509429931640625E-4	2.4127960205078125E-4	2.4509429931640625E-4	2.4509429931640625E-4	8.106231689453125E-5	8.106231689453125E-5
323.0	8.106231689453125E-5	4.863739013671875E-4	2.4509429931640625E-4	2.4127960205078125E-4	2.4509429931640625E-4	2.4509429931640625E-4	8.106231689453125E-5	8.106231689453125E-5
326.0	8.106231689453125E-5	4.863739013671875E-4	2.4509429931640625E-4	2.4127960205078125E-4	2.4509429931640625E-4	2.4509429931640625E-4	8.106231689453125E-5	8.106231689453125E-5
329.0	8.106231689453125E-5	4.863739013671875E-4	2.4509429931640625E-4	2.4127960205078125E-4	2.4509429931640625E-4	2.4509429931640625E-4	8.106231689453125E-5	8.106231689453125E-5
332.0	8.106231689453125E-5	4.863739013671875E-4	2.4509429931640625E-4	2.4127960205078125E-4	2.4509429931640625E-4	2.4509429931640625E-4	8.106231689453125E-5	8.106231689453125E-5
335.0	8.106231689453125E-5	4.863739013671875E-4	2.4509429931640625E-4	2.4127960205078125E-4	2.4509429931640625E-4	2.4509429931640625E-4	8.106231689453125E-5	8.106231689453125E-5
338.0	8.106231689453125E-5	4.863739013671875E-4	2.4509429931640625E-4	2.4127960205078125E-4	2.4509429931640625E-4	2.4509429931640625E-4	8.106231689453125E-5	8.106231689453125E-5
341.0	8.106231689453125E-5	4.863739013671875E-4	2.4509429931640625E-4	2.4127960205078125E-4	2.4509429931640625E-4	2.4509429931640625E-4	8.106231689453125E-5	8.106231689453125E-5
344.0	8.106231689453125E-5	4.863739013671875E-4	2.4509429931640625E-4	2.4127960205078125E-4	2.4509429931640625E-4	2.4509429931640625E-4	8.106231689453125E-5	8.106231689453125E-5
347.0	8.106231689453125E-5	4.863739013671875E-4	2.4509429931640625E-4	2.4127960205078125E-4	2.4509429931640625E-4	2.4509429931640625E-4	8.106231689453125E-5	8.106231689453125E-5
350.0	8.106231689453125E-5	4.863739013671875E-4	2.4509429931640625E-4	2.4127960205078125E-4	2.4509429931640625E-4	2.4509429931640625E-4	8.106231689453125E-5	8.106231689453125E-5
353.0	8.106231689453125E-5	4.863739013671875E-4	2.4509429931640625E-4	2.4127960205078125E-4	2.4509429931640625E-4	2.4509429931640625E-4	8.106231689453125E-5	8.106231689453125E-5
356.0	8.106231689453125E-5	4.863739013671875E-4	2.4509429931640625E-4	2.4127960205078125E-4	2.4509429931640625E-4	2.4509429931640625E-4	8.106231689453125E-5	8.106231689453125E-5
359.0	8.106231689453125E-5	4.863739013671875E-4	2.4509429931640625E-4	2.4127960205078125E-4	2.4509429931640625E-4	2.4509429931640625E-4	8.106231689453125E-5	8.106231689453125E-5
362.0	8.106231689453125E-5	4.863739013671875E-4	2.4509429931640625E-4	2.4127960205078125E-4	2.4509429931640625E-4	2.4509429931640625E-4	8.106231689453125E-5	8.106231689453125E-5
365.0	8.106231689453125E-5	4.863739013671875E-4	2.4509429931640625E-4	2.4127960205078125E-4	2.4509429931640625E-4	2.4509429931640625E-4	8.106231689453125E-5	8.106231689453125E-5
368.0	8.106231689453125E-5	4.863739013671875E-4	2.4509429931640625E-4	2.4127960205078125E-4	2.4509429931640625E-4	2.4509429931640625E-4	8.106231689453125E-5	8.106231689453125E-5
371.0	8.106231689453125E-5	4.863739013671875E-4	2.4509429931640625E-4	2.4127960205078125E-4	2.4509429931640625E-4	2.4509429931640625E-4	8.106231689453125E-5	8.106231689453125E-5
374.0	8.106231689453125E-5	4.863739013671875E-4	2.4509429931640625E-4	2.4127960205078125E-4	2.4509429931640625E-4	2.4509429931640625E-4	8.106231689453125E-5	8.106231689453125E-5
377.0	8.106231689453125E-5	4.863739013671875E-4	2.4509429931640625E-4	2.4127960205078125E-4	2.4509429931640625E-4	2.4509429931640625E-4	8.106231689453125E-5	8.106231689453125E-5
380.0	8.106231689453125E-5	4.863739013671875E-4	2.4509429931640625E-4	2.4127960205078125E-4	2.4509429931640625E-4	2.4509429931640625E-4	8.106231689453125E-5	8.106231689453125E-5
383.0	8.106231689453125E-5	4.863739013671875E-4	2.4509429931640625E-4	2.4127960205078125E-4	2.4509429931640625E-4	2.4509429931640625E-4	8.106231689453125E-5	8.106231689453125E-5
386.0	8.106231689453125E-5	4.863739013671875E-4	2.4509429931640625E-4	2.4127960205078125E-4	2.4509429931640625E-4	2.4509429931640625E-4	8.106231689453125E-5	8.106231689453125E-5
389.0	8.106231689453125E-5	4.863739013671875E-4	2.4509429931640625E-4	2.4127960205078125E-4	2.4509429931640625E-4	2.4509429931640625E-4	8.106231689453125E-5	8.106231689453125E-5
392.0	8.106231689453125E-5	4.863739013671875E-4	2.4509429931640625E-4	2.4127960205078125E-4	2.4509429931640625E-4	2.4509429931640625E-4	8.106231689453125E-5	8.106231689453125E-5
395.0	8.106231689453125E-5	4.863739013671875E-4	2.4509429931640625E-4	2.4127960205078125E-4	2.4509429931640625E-4	2.4509429931640625E-4	8.106231689453125E-5	8.106231689453125E-5
398.0	8.106231689453125E-5	4.863739013671875E-4	2.4509429931640625E-4	2.4127960205078125E-4	2.4509429931640625E-4	2.4509429931640625E-4	8.106231689453125E-5	8.106231689453125E-5
401.0	8.106231689453125E-5	4.863739013671875E-4	2.4509429931640625E-4	2.4127960205078125E-4	2.4509429931640625E-4	2.4509429931640625E-4	8.106231689453125E-5	8.106231689453125E-5
404.0	8.106231689453125E-5	4.863739013671875E-4	2.4509429931640625E-4	2.4127960205078125E-4	2.4509429931640625E-4	2.4509429931640625E-4	8.106231689453125E-5	8.106231689453125E-5
407.0	8.106231689453125E-5	4.863739013671875E-4	2.4509429931640625E-4	2.4127960205078125E-4	2.4509429931640625E-4	2.4509429931640625E-4	8.106231689453125E-5	8.106231689453125E-5
410.0	8.106231689453125E-5	4.863739013671875E-4	2.4509429931640625E-4	2.4127960205078125E-4	2.4509429931640625E-4	2.4509429931640625E-4	8.106231689453125E-5	8.106231689453125E-5
413.0	8.106231689453125E-5	4.863739013671875E-4	2.4509429931640625E-4	2.4127960205078125E-4	2.4509429931640625E-4	2.4509429931640625E-4	8.106231689453125E-5	8.106231689453125E-5
416.0	8.106231689453125E-5	4.863739013671875E-4	2.4509429931640625E-4	2.4127960205078125E-4	2.4509429931640625E-4	2.4509429931640625E-4	8.106231689453125E-5	8.106231689453125E-5
419.0	8.106231689453125E-5	4.863739013671875E-4	2.4509429931640625E-4	2.4127960205078125E-4	2.4509429931640625E-4	2.4509429931640625E-4	8.106231689453125E-5	8.106231689453125E-5
422.0	8.106231689453125E-5	4.863739013671875E-4	2.4509429931640625E-4	2.4127960205078125E-4	2.4509429931640625E-4	2.4509429931640625E-4	8.106231689453125E-5	8.106231689453125E-5
425.0	8.106231689453125E-5	4.863739013671875E-4	2.4509429931640625E-4	2.4127960205078125E-4	2.4509429931640625E-4	2.4509429931640625E-4	8.106231689453125E-5	8.106231689453125E-5
428.0	8.106231689453125E-5	4.863739013671875E-4	2.4509429931640625E-4	2.4127960205078125E-4	2.4509429931640625E-4	2.4509429931640625E-4	8.106231689453125E-5	8.106231689453125E-5
431.0	8.106231689453125E-5	4.863739013671875E-4	2.4509429931640625E-4	2.4127960205078125E-4	2.4509429931640625E-4	2.4509429931640625E-4	8.106231689453125E-5	8.106231689453125E-5
434.0	8.106231689453125E-5	4.863739013671875E-4	2.4509429931640625E-4	2.4127960205078125E-4	2.4509429931640625E-4	2.4509429931640625E-4	8.106231689453125E-5	8.106231689453125E-5
437.0	8.106231689453125E-5	4.863739013671875E-4	2.4509429931640625E-4	2.4127960205078125E-4	2.4509429931640625E-4	2.4509429931640625E-4	8.106231689453125E-5	8.106231689453125E-5
440.0	8.106231689453125E-5	4.863739013671875E-4	2.4509429931640625E-4	2.4127960205078125E-4	2.4509429931640625E-4	2.4509429931640625E-4	8.106231689453125E-5	8.106231689453125E-5
443.0	8.106231689453125E-5	4.863739013671875E-4	2.4509429931640625E-4	2.4127960205078125E-4	2.4509429931640625E-4	2.4509429931640625E-4	8.106231689453125E-5	8.106231689453125E-5
446.0	8.106231689453125E-5	4.863739013671875E-4	2.4509429931640625E-4	2.4127960205078125E-4	2.4509429931640625E-4	2.4509429931640625E-4	8.106231689453125E-5	8.106231689453125E-5
449.0	8.106231689453125E-5	4.863739013671875E-4	2.4509429931640625E-4	2.4127960205078125E-4	2.4509429931640625E-4	2.4509429931640625E-4	8.106231689453125E-5	8.106231689453125E-5
452.0	8.106231689453125E-5	4.863739013671875E-4	2.4509429931640625E-4	2.4127960205078125E-4	2.4509429931640625E-4	2.4509429931640625E-4	8.106231689453125E-5	8.106231689453125E-5
455.0	8.106231689453125E-5	4.863739013671875E-4	2.4509429931640625E-4	2.4127960205078125E-4	2.4509429931640625E-4	2.4509429931640625E-4	8.106231689453125E-5	8.106231689453125E-5
458.0	8.106231689453125E-5	4.863739013671875E-4	2.4509429931640625E-4	2.4127960205078125E-4	2.4509429931640625E-4	2.4509429931640625E-4	8.106231689453125E-5	8.106231689453125E-5
461.0	8.106231689453125E-5	4.863739013671875E-4	2.4509429931640625E-4	2.4127960205078125E-4	2.4509429931640625E-4	2.4509429931640625E-4	8.106231689453125E-5	8.106231689453125E-5
464.0	8.106231689453125E-5	4.863739013671875E-4	2.4509429931640625E-4	2.4127960205078125E-4	2.4509429931640625E-4	2.4509429931640625E-4	8.106231689453125E-5	8.106231689453125E-5
467.0	8.106231689453125E-5	4.863739013671875E-4	2.4509429931640625E-4	2.4127960205078125E-4	2.4509429931640625E-4	2.4509429931640625E-4	8.106231689453125E-5	8.106231689453125E-5
470.0	8.106231689453125E-5	4.863739013671875E-4	2.4509429931640625E-4	2.4127960205078125E-4	2.4509429931640625E-4	2.4509429931640625E-4	8.106231689453125E-5	8.106231689453125E-5
473.0	8.106231689453125E-5	4.863739013671875E-4	2.4509429931640625E-4	2.4127960205078125E-4	2.4509429931640625E-4	2.4509429931640625E-4	8.106231689453125E-5	8.106231689453125E-5
476.0	8.106231689453125E-5	4.863739013671875E-4	2.4509429931640625E-4	2.4127960205078125E-4	2.4509429931640625E-4	2.4509429931640625E-4	8.106231689453125E-5	8.106231689453125E-5
479.0	8.106231689453125E-5	4.863739013671875E-4	2.4509429931640625E-4	2.4127960205078125E-4	2.4509429931640625E-4	2.4509429931640625E-4	8.106231689453125E-5	8.106231689453125E-5
482.0	8.106231689453125E-5	4.863739013671875E-4	2.4509429931640625E-4	2.4127960205078125E-4	2.4509429931640625E-4	2.4509429931640625E-4	8.106231689453125E-5	8.106231689453125E-5
485.0	8.106231689453125E-5	4.863739013671875E-4	2.4509429931640625E-4	2.4127960205078125E-4	2.4509429931640625E-4	2.4509429931640625E-4	8.106231689453125E-5	8.106231689453125E-5
488.0	8.106231689453125E-5	4.863739013671875E-4	2.4509429931640625E-4	2.4127960205078125E-4	2.4509429931640625E-4	2.4509429931640625E-4	8.106231689453125E-5	8.106231689453125E-5
491.0	8.106231689453125E-5	4.863739013671875E-4	2.4509429931640625E-4	2.4127960205078125E-4	2.4509429931640625E-4	2.4509429931640625E-4	8.106231689453125E-5	8.106231689453125E-5
494.0	8.106231689453125E-5	4.863739013671875E-4	2.4509429931640625E-4	2.4127960205078125E-4	2.4509429931640625E-4	2.4509429931640625E-4	8.106231689453125E-5	8.106231689453125E-5
497.0	8.106231689453125E-5	4.863739013671875E-4	2.4509429931640625E-4	2.4127960205078125E-4	2.4509429931640625E-4	2.4509429931640625E-4	8.106231689453125E-5	8.106231689453125E-5
500.0	8.106231689453125E-5	4.863739013671875E-4	2.4509429931640625E-4	2.4127960205078125E-4	2.4509429931640625E-4	2.4509429931640625E-4	8.106231689453125E-5	8.106231689453125E-5
503.0	8.106231689453125E-5	4.863739013671875E-4	2.4509429931640625E-4	2.4127960205078125E-4	2.4509429931640625E-4	2.4509429931640625E-4	8.106231689453125E-5	8.106231689453125E-5
506.0	8.106231689453125E-5	4.863739013671875E-4	2.4509429931640625E-4	2.4127960205078125E-4	2.4509429931640625E-4	2.4509429931640625E-4	8.106231689453125E-5	8.106231689453125E-5
509.0	8.106231689453125E-5	4.863739013671875E-4	2.4509429931640625E-4	2.4127960205078125E-4	2.4509429931640625E-4	2.4509429931640625E-4	8.106231689453125E-5	8.106231689453125E-5
512.0	8.106231689453125E-5	4.863739013671875E-4	2.4509429931640625E-4	2.4127960205078125E-4	2.4509429931640625E-4	2.4509429931640625E-4	8.106231689453125E-5	8.106231689453125E-5
515.0	8.106231689453125E-5	4.863739013671875E-4	2.4509429931640625E-4	2.4127960205078125E-4	2.4509429931640625E-4	2.4509429931640625E-4	8.106231689453125E-5	8.106231689453125E-5
518.0	8.106231689453125E-5	4.863739013671875E-4	2.4509429931640625E-4	2.4127960205078125E-4	2.4509429931640625E-4	2.4509429931640625E-4	8.106231689453125E-5	8.106231689453125E-5
521.0	8.106231689453125E-5	4.863739013671875E-4	2.4509429931640625E-4	2.4127960205078125E-4	2.4509429931640625E-4	2.4509429931640625E-4	8.106231689453125E-5	8.106231689453125E-5
524.0	8.106231689453125E-5	4.863739013671875E-4	2.4509429931640625E-4	2.4127960205078125E-4	2.4509429931640625E-4	2.4509429931640625E-4	8.106231689453125E-5	8.106231689453125E-5
527.0	8.106231689453125E-5	4.863739013671875E-4	2.4509429931640625E-4	2.4127960205078125E-4	2.4509429931640625E-4	2.4509429931640625E-4	8.106231689453125E-5	8.106231689453125E-5
530.0	8.106231689453125E-5	4.863739013671875E-4	2.4509429931640625E-4	2.4127960205078125E-4	2.4509429931640625E-4	2.4509429931640625E-4	8.106231689453125E-5	8.106231689453125E-5
533.0	8.106231689453125E-5	4.863739013671875E-4	2.4509429931640625E-4	2.4127960205078125E-4	2.4509429931640625E-4	2.4509429931640625E-4	8.106231689453125E-5	8.106231689453125E-5
536.0	8.106231689453125E-5	4.863739013671875E-4	2.4509429931640625E-4	2.4127960205078125E-4	2.4509429931640625E-4	2.4509429931640625E-4	8.106231689453125E-5	8.106231689453125E-5
539.0	8.106231689453125E-5	4.863739013671875E-4	2.4509429931640625E-4	2.4127960205078125E-4	2.4509429931640625E-4	2.4509429931640625E-4	8.106231689453125E-5	8.106231689453125E-5
542.0	8.106231689453125E-5	4.863739013671875E-4	2.4509429931640625E-4	2.4127960205078125E-4	2.4509429931640625E-4	2.4509429931640625E-4	8.106231689453125E-5	8.106231689453125E-5
545.0	8.106231689453125E-5	4.863739013671875E-4	2.4509429931640625E-4	2.4127960205078125E-4	2.4509429931640625E-4	2.4509429931640625E-4	8.106231689453125E-5	8.106231689453125E-5
548.0	8.106231689453125E-5	4.863739013671875E-4	2.4509429931640625E-4	2.4127960205078125E-4	2.4509429931640625E-4	2.4509429931640625E-4	8.106231689453125E-5	8.106231689453125E-5
551.0	8.106231689453125E-5	4.863739013671875E-4	2.4509429931640625E-4	2.4127960205078125E-4	2.4509429931640625E-4	2.4509429931640625E-4	8.106231689453125E-5	8.106231689453125E-5
554.0	8.106231689453125E-5	4.863739013671875E-4	2.4509429931640625E-4	2.4127960205078125E-4	2.4509429931640625E-4	2.4509429931640625E-4	8.106231689453125E-5	8.106231689453125E-5
557.0	8.106231689453125E-5	4.863739013671875E-4	2.4509429931640625E-4	2.4127960205078125E-4	2.4509429931640625E-4	2.4509429931640625E-4	8.106231689453125E-5	8.106231689453125E-5
560.0	8.106231689453125E-5	4.863739013671875E-4	2.4509429931640625E-4	2.4127960205078125E-4	2.4509429931640625E-4	2.4509429931640625E-4	8.106231689453125E-5	8.106231689453125E-5
563.0	8.106231689453125E-5	4.863739013671875E-4	2.4509429931640625E-4	2.4127960205078125E-4	2.4509429931640625E-4	2.4509429931640625E-4	8.106231689453125E-5	8.106231689453125E-5
566.0	8.106231689453125E-5	4.863739013671875E-4	2.4509429931640625E-4	2.4127960205078125E-4	2.4509429931640625E-4	2.4509429931640625E-4	8.106231689453125E-5	8.106231689453125E-5
569.0	8.106231689453125E-5	4.863739013671875E-4	2.4509429931640625E-4	2.4127960205078125E-4	2.4509429931640625E-4	2.4509429931640625E-4	8.106231689453125E-5	8.106231689453125E-5
572.0	8.106231689453125E-5	4.863739013671875E-4	2.4509429931640625E-4	2.4127960205078125E-4	2.4509429931640625E-4	2.4509429931640625E-4	8.106231689453125E-5	8.106231689453125E-5
575.0	8.106231689453125E-5	4.863739013671875E-4	2.4509429931640625E-4	2.4127960205078125E-4	2.4509429931640625E-4	2.4509429931640625E-4	8.106231689453125E-5	8.106231689453125E-5
578.0	8.106231689453125E-5	4.863739013671875E-4	2.4509429931640625E-4	2.4127960205078125E-4	2.4509429931640625E-4	2.4509429931640625E-4	8.106231689453125E-5	8.106231689453125E-5
581.0	8.106231689453125E-5	4.863739013671875E-4	2.4509429931640625E-4	2.4127960205078125E-4	2.4509429931640625E-4	2.4509429931640625E-4	8.106231689453125E-5	8.106231689453125E-5
584.0	8.106231689453125E-5	4.863739013671875E-4	2.4509429931640625E-4	2.4127960205078125E-4	2.4509429931640625E-4	2.4509429931640625E-4	8.106231689453125E-5	8.106231689453125E-5
587.0	8.106231689453125E-5	4.863739013671875E-4	2.4509429931640625E-4	2.4127960205078125E-4	2.4509429931640625E-4	2.4509429931640625E-4	8.106231689453125E-5	8.106231689453125E-5
590.0	8.106231689453125E-5	4.863739013671875E-4	2.4509429931640625E-4	2.4127960205078125E-4	2.4509429931640625E-4	2.4509429931640625E-4	8.106231689453125E-5	8.106231689453125E-5
593.0	8.106231689453125E-5	4.863739013671875E-4	2.4509429931640625E-4	2.4127960205078125E-4	2.4509429931640625E-4	2.4509429931640625E-4	8.106231689453125E-5	8.106231689453125E-5
596.0	8.106231689453125E-5	4.863739013671875E-4	2.4509429931640625E-4	2.4127960205078125E-4	2.4509429931640625E-4	2.4509429931640625E-4	8.106231689453125E-5	8.106231689453125E-5
599.0	8.106231689453125E-5	4.863739013671875E-4	2.4509429931640625E-4	2.4127960205078125E-4	2.4509429931640625E-4	2.4509429931640625E-4	8.106231689453125E-5	8.106231689453125E-5
602.0	8.106231689453125E-5	4.863739013671875E-4	2.4509429931640625E-4	2.4127960205078125E-4	2.4509429931640625E-4	2.4509429931640625E-4	8.106231689453125E-5	8.106231689453125E-5
605.0	8.106231689453125E-5	4.863739013671875E-4	2.4509429931640625E-4	2.4127960205078125E-4	2.4509429931640625E-4	2.4509429931640625E-4	8.106231689453125E-5	8.106231689453125E-5
608.0	8.106231689453125E-5	4.863739013671875E-4	2.4509429931640625E-4	2.4127960205078125E-4	2.4509429931640625E-4	2.4509429931640625E-4	8.106231689453125E-5	8.106231689453125E-5
611.0	8.106231689453125E-5	4.863739013671875E-4	2.4509429931640625E-4	2.4127960205078125E-4	2.4509429931640625E-4	2.4509429931640625E-4	8.106231689453125E-5	8.106231689453125E-5
614.0	8.106231689453125E-5	4.863739013671875E-4	2.4509429931640625E-4	2.4127960205078125E-4	2.4509429931640625E-4	2.4509429931640625E-4	8.106231689453125E-5	8.106231689453125E-5
617.0	8.106231689453125E-5	4.863739013671875E-4	2.4509429931640625E-4	2.4127960205078125E-4	2.4509429931640625E-4	2.4509429931640625E-4	8.106231689453125E-5	8.106231689453125E-5
620.0	8.106231689453125E-5	4.863739013671875E-4	2.4509429931640625E-4	2.4127960205078125E-4	2.4509429931640625E-4	2.4509429931640625E-4	8.106231689453125E-5	8.106231689453125E-5
623.0	8.106231689453125E-5	4.863739013671875E-4	2.4509429931640625E-4	2.4127960205078125E-4	2.4509429931640625E-4	2.4509429931640625E-4	8.106231689453125E-5	8.106231689453125E-5
626.0	8.106231689453125E-5	4.863739013671875E-4	2.4509429931640625E-4	2.4127960205078125E-4	2.4509429931640625E-4	2.4509429931640625E-4	8.106231689453125E-5	8.106231689453125E-5
629.0	8.106231689453125E-5	4.863739013671875E-4	2.4509429931640625E-4	2.4127960205078125E-4	2.4509429931640625E-4	2.4509429931640625E-4	8.106231689453125E-5	8.106231689453125E-5
632.0	8.106231689453125E-5	4.863739013671875E-4	2.4509429931640625E-4	2.4127960205078125E-4	2.4509429931640625E-4	2.4509429931640625E-4	8.106231689453125E-5	8.106231689453125E-5
635.0	8.106231689453125E-5	4.863739013671875E-4	2.4509429931640625E-4	2.4127960205078125E-4	2.4509429931640625E-4	2.4509429931640625E-4	8.106231689453125E-5	8.106231689453125E-5
638.0	8.106231689453125E-5	4.863739013671875E-4	2.4509429931640625E-4	2.4127960205078125E-4	2.4509429931640625E-4	2.4509429931640625E-4	8.106231689453125E-5	8.106231689453125E-5
641.0	8.106231689453125E-5	4.863739013671875E-4	2.4509429931640625E-4	2.4127960205078125E-4	2.4509429931640625E-4	2.4509429931640625E-4	8.106231689453125E-5	8.106231689453125E-5
644.0	8.106231689453125E-5	4.863739013671875E-4	2.4509429931640625E-4	2.4127960205078125E-4	2.4509429931640625E-4	2.4509429931640625E-4	8.106231689453125E-5	8.106231689453125E-5
647.0	8.106231689453125E-5	4.863739013671875E-4	2.4509429931640625E-4	2.4127960205078125E-4	2.4509429931640625E-4	2.4509429931640625E-4	8.106231689453125E-5	8.106231689453125E-5
650.0	8.106231689453125E-5	4.863739013671875E-4	2.4509429931640625E-4	2.4127960205078125E-4	2.4509429931640625E-4	2.4509429931640625E-4	8.106231689453125E-5	8.106231689453125E-5
653.0	8.106231689453125E-5	4.863739013671875E-4	2.4509429931640625E-4	2.4127960205078125E-4	2.4509429931640625E-4	2.4509429931640625E-4	8.106231689453125E-5	8.106231689453125E-5