x	"NC0"	"NC1"	"NC2"	"NC3"	"NC4"	"NC5"	"NC6"	"NC7"
0		1798.000000	1811.000000	1811.000000	1811.000000	1811.000000	1811.000000	1811.000000	1811.000000
3		1807.000000	1811.000000	1811.000000	1811.000000	1811.000000	1811.000000	1811.000000	1811.000000
6		1806.000000	1811.000000	1811.000000	1811.000000	1811.000000	1811.000000	1811.000000	1811.000000
9		1803.000000	1811.000000	1811.000000	1811.000000	1811.000000	1811.000000	1811.000000	1811.000000
12		1797.000000	1811.000000	1811.000000	1811.000000	1811.000000	1811.000000	1811.000000	1811.000000
15		1790.000000	1811.000000	1811.000000	1811.000000	1811.000000	1811.000000	1811.000000	1811.000000
18		1783.000000	1809.000000	1811.000000	1811.000000	1811.000000	1811.000000	1811.000000	1811.000000
21		1770.000000	1807.000000	1811.000000	1811.000000	1811.000000	1811.000000	1811.000000	1811.000000
24		1761.000000	1794.000000	1802.000000	1811.000000	1811.000000	1811.000000	1811.000000	1811.000000
27		1750.000000	1780.000000	1807.000000	1811.000000	1811.000000	1811.000000	1811.000000	1811.000000
30		1737.000000	1777.000000	1801.000000	1810.000000	1811.000000	1811.000000	1811.000000	1811.000000
33		1733.000000	1777.000000	1789.000000	1808.000000	1811.000000	1811.000000	1811.000000	1811.000000
36		1733.000000	1777.000000	1776.000000	1794.000000	1809.000000	1811.000000	1811.000000	1811.000000
39		1733.000000	1777.000000	1776.000000	1778.000000	1805.000000	1808.000000	1811.000000	1811.000000
42		1733.000000	1777.000000	1776.000000	1777.000000	1792.000000	1806.000000	1811.000000	1811.000000
45		1733.000000	1777.000000	1776.000000	1777.000000	1778.000000	1796.000000	1809.000000	1811.000000
48		1733.000000	1777.000000	1777.000000	1777.000000	1776.000000	1796.000000	1805.000000	1811.000000
51		1733.000000	1777.000000	1777.000000	1777.000000	1776.000000	1784.000000	1795.000000	1798.000000
54		1733.000000	1777.000000	1777.000000	1777.000000	1776.000000	1776.000000	1795.000000	1807.000000
57		1733.000000	1777.000000	1777.000000	1777.000000	1777.000000	1776.000000	1780.000000	1798.000000
60		1733.000000	1777.000000	1777.000000	1777.000000	1777.000000	1776.000000	1776.000000	1786.000000
63		1733.000000	1777.000000	1777.000000	1777.000000	1777.000000	1776.000000	1776.000000	1776.000000
66		1733.000000	1776.000000	1777.000000	1777.000000	1777.000000	1776.000000	1776.000000	1776.000000
69		1733.000000	1771.000000	1777.000000	1771.000000	1773.000000	1776.000000	1776.000000	1771.000000
72		1733.000000	1771.000000	1770.000000	1767.000000	1768.000000	1769.000000	1768.000000	1764.000000
75		1733.000000	1764.000000	1763.000000	1762.000000	1763.000000	1762.000000	1762.000000	1760.000000
78		1733.000000	1761.000000	1759.000000	1758.000000	1759.000000	1761.000000	1760.000000	1760.000000
81		1733.000000	1758.000000	1758.000000	1757.000000	1758.000000	1757.000000	1757.000000	1760.000000
84		1733.000000	1755.000000	1758.000000	1757.000000	1758.000000	1757.000000	1757.000000	1760.000000
87		1733.000000	1755.000000	1758.000000	1757.000000	1758.000000	1757.000000	1757.000000	1760.000000
90		1733.000000	1755.000000	1758.000000	1757.000000	1758.000000	1757.000000	1757.000000	1760.000000
93		1733.000000	1755.000000	1758.000000	1757.000000	1758.000000	1757.000000	1757.000000	1760.000000
96		1733.000000	1755.000000	1758.000000	1757.000000	1758.000000	1757.000000	1757.000000	1760.000000
99		1733.000000	1755.000000	1758.000000	1757.000000	1758.000000	1757.000000	1757.000000	1760.000000
102		1733.000000	1755.000000	1758.000000	1757.000000	1758.000000	1757.000000	1757.000000	1760.000000
105		1733.000000	1755.000000	1758.000000	1757.000000	1758.000000	1757.000000	1757.000000	1760.000000
108		1733.000000	1755.000000	1758.000000	1757.000000	1758.000000	1757.000000	1757.000000	1760.000000
111		1733.000000	1755.000000	1758.000000	1757.000000	1758.000000	1757.000000	1757.000000	1760.000000
114		1733.000000	1755.000000	1758.000000	1757.000000	1758.000000	1757.000000	1757.000000	1760.000000
117		1733.000000	1755.000000	1758.000000	1757.000000	1758.000000	1757.000000	1757.000000	1760.000000
120		1733.000000	1755.000000	1758.000000	1757.000000	1758.000000	1757.000000	1757.000000	1760.000000
123		1733.000000	1755.000000	1758.000000	1757.000000	1758.000000	1757.000000	1757.000000	1760.000000
126		1733.000000	1755.000000	1758.000000	1757.000000	1758.000000	1757.000000	1757.000000	1760.000000
129		1733.000000	1755.000000	1758.000000	1757.000000	1758.000000	1757.000000	1757.000000	1760.000000
132		1733.000000	1755.000000	1758.000000	1757.000000	1758.000000	1757.000000	1757.000000	1760.000000
135		1733.000000	1755.000000	1758.000000	1757.000000	1758.000000	1757.000000	1757.000000	1760.000000
138		1733.000000	1755.000000	1758.000000	1757.000000	1758.000000	1757.000000	1757.000000	1760.000000
141		1733.000000	1755.000000	1758.000000	1757.000000	1758.000000	1757.000000	1757.000000	1760.000000
144		1733.000000	1755.000000	1758.000000	1757.000000	1758.000000	1757.000000	1757.000000	1760.000000
147		1733.000000	1755.000000	1758.000000	1757.000000	1758.000000	1757.000000	1757.000000	1760.000000
150		1733.000000	1755.000000	1758.000000	1757.000000	1758.000000	1757.000000	1757.000000	1760.000000
153		1733.000000	1755.000000	1758.000000	1757.000000	1758.000000	1757.000000	1757.000000	1760.000000
156		1733.000000	1755.000000	1758.000000	1757.000000	1758.000000	1757.000000	1757.000000	1760.000000
159		1733.000000	1755.000000	1758.000000	1757.000000	1758.000000	1757.000000	1757.000000	1760.000000
162		1733.000000	1755.000000	1758.000000	1757.000000	1758.000000	1757.000000	1757.000000	1760.000000
165		1733.000000	1755.000000	1758.000000	1757.000000	1758.000000	1757.000000	1757.000000	1760.000000
168		1733.000000	1755.000000	1758.000000	1757.000000	1758.000000	1757.000000	1757.000000	1760.000000
171		1733.000000	1755.000000	1758.000000	1757.000000	1758.000000	1757.000000	1757.000000	1760.000000
174		1733.000000	1755.000000	1758.000000	1757.000000	1758.000000	1757.000000	1757.000000	1760.000000
177		1733.000000	1755.000000	1758.000000	1757.000000	1758.000000	1757.000000	1757.000000	1760.000000
180		1733.000000	1755.000000	1758.000000	1757.000000	1758.000000	1757.000000	1757.000000	1760.000000
183		1733.000000	1755.000000	1758.000000	1757.000000	1758.000000	1757.000000	1757.000000	1760.000000
186		1733.000000	1755.000000	1758.000000	1757.000000	1758.000000	1757.000000	1757.000000	1760.000000
189		1733.000000	1755.000000	1758.000000	1757.000000	1758.000000	1757.000000	1757.000000	1760.000000
192		1733.000000	1755.000000	1758.000000	1757.000000	1758.000000	1757.000000	1757.000000	1760.000000
195		1733.000000	1755.000000	1758.000000	1757.000000	1758.000000	1757.000000	1757.000000	1760.000000
198		1733.000000	1755.000000	1758.000000	1757.000000	1758.000000	1757.000000	1757.000000	1760.000000
201		1733.000000	1755.000000	1758.000000	1757.000000	1758.000000	1757.000000	1757.000000	1760.000000
204		1733.000000	1755.000000	1758.000000	1757.000000	1758.000000	1757.000000	1757.000000	1760.000000
207		1733.000000	1755.000000	1758.000000	1757.000000	1758.000000	1757.000000	1757.000000	1760.000000
210		1733.000000	1755.000000	1758.000000	1757.000000	1758.000000	1757.000000	1757.000000	1760.000000
213		1733.000000	1755.000000	1758.000000	1757.000000	1758.000000	1757.000000	1757.000000	1760.000000
216		1733.000000	1755.000000	1758.000000	1757.000000	1758.000000	1757.000000	1757.000000	1760.000000
219		1733.000000	1755.000000	1758.000000	1757.000000	1758.000000	1757.000000	1757.000000	1760.000000
222		1733.000000	1755.000000	1758.000000	1757.000000	1758.000000	1757.000000	1757.000000	1760.000000
225		1733.000000	1755.000000	1758.000000	1757.000000	1758.000000	1757.000000	1757.000000	1760.000000
228		1733.000000	1755.000000	1758.000000	1757.000000	1758.000000	1757.000000	1757.000000	1760.000000
231		1733.000000	1755.000000	1758.000000	1757.000000	1758.000000	1757.000000	1757.000000	1760.000000
234		1733.000000	1755.000000	1758.000000	1757.000000	1758.000000	1757.000000	1757.000000	1760.000000
237		1733.000000	1755.000000	1758.000000	1757.000000	1758.000000	1757.000000	1757.000000	1760.000000
240		1733.000000	1755.000000	1758.000000	1757.000000	1758.000000	1757.000000	1757.000000	1760.000000
243		1733.000000	1755.000000	1758.000000	1757.000000	1758.000000	1757.000000	1757.000000	1760.000000
246		1733.000000	1755.000000	1758.000000	1757.000000	1758.000000	1757.000000	1757.000000	1760.000000
249		1733.000000	1755.000000	1758.000000	1757.000000	1758.000000	1757.000000	1757.000000	1760.000000
252		1733.000000	1755.000000	1758.000000	1757.000000	1758.000000	1757.000000	1757.000000	1760.000000
255		1733.000000	1755.000000	1758.000000	1757.000000	1758.000000	1757.000000	1757.000000	1760.000000
258		1733.000000	1755.000000	1758.000000	1757.000000	1758.000000	1757.000000	1757.000000	1760.000000
261		1733.000000	1755.000000	1758.000000	1757.000000	1758.000000	1757.000000	1757.000000	1760.000000
264		1733.000000	1755.000000	1758.000000	1757.000000	1758.000000	1757.000000	1757.000000	1760.000000
267		1733.000000	1755.000000	1758.000000	1757.000000	1758.000000	1757.000000	1757.000000	1760.000000
270		1733.000000	1755.000000	1758.000000	1757.000000	1758.000000	1757.000000	1757.000000	1760.000000
273		1733.000000	1755.000000	1758.000000	1757.000000	1758.000000	1757.000000	1757.000000	1760.000000
276		1733.000000	1755.000000	1758.000000	1757.000000	1758.000000	1757.000000	1757.000000	1760.000000
279		1733.000000	1755.000000	1758.000000	1757.000000	1758.000000	1757.000000	1757.000000	1760.000000
282		1733.000000	1755.000000	1758.000000	1757.000000	1758.000000	1757.000000	1757.000000	1760.000000
285		1733.000000	1755.000000	1758.000000	1757.000000	1758.000000	1757.000000	1757.000000	1760.000000
288		1733.000000	1755.000000	1758.000000	1757.000000	1758.000000	1757.000000	1757.000000	1760.000000
291		1733.000000	1755.000000	1758.000000	1757.000000	1758.000000	1757.000000	1757.000000	1760.000000
294		1733.000000	1755.000000	1758.000000	1757.000000	1758.000000	1757.000000	1757.000000	1760.000000
297		1733.000000	1755.000000	1758.000000	1757.000000	1758.000000	1757.000000	1757.000000	1760.000000
300		1733.000000	1755.000000	1758.000000	1757.000000	1758.000000	1757.000000	1757.000000	1760.000000
303		1733.000000	1755.000000	1758.000000	1757.000000	1758.000000	1757.000000	1757.000000	1760.000000
306		1733.000000	1755.000000	1758.000000	1757.000000	1758.000000	1757.000000	1757.000000	1760.000000
309		1733.000000	1755.000000	1758.000000	1757.000000	1758.000000	1757.000000	1757.000000	1760.000000
312		1733.000000	1755.000000	1758.000000	1757.000000	1758.000000	1757.000000	1757.000000	1760.000000
315		1733.000000	1755.000000	1758.000000	1757.000000	1758.000000	1757.000000	1757.000000	1760.000000
318		1733.000000	1755.000000	1758.000000	1757.000000	1758.000000	1757.000000	1757.000000	1760.000000
321		1733.000000	1755.000000	1758.000000	1757.000000	1758.000000	1757.000000	1757.000000	1760.000000
324		1733.000000	1755.000000	1758.000000	1757.000000	1758.000000	1757.000000	1757.000000	1760.000000
327		1733.000000	1755.000000	1758.000000	1757.000000	1758.000000	1757.000000	1757.000000	1760.000000
330		1733.000000	1755.000000	1758.000000	1757.000000	1758.000000	1757.000000	1757.000000	1760.000000
333		1733.000000	1755.000000	1758.000000	1757.000000	1758.000000	1757.000000	1757.000000	1760.000000
336		1733.000000	1755.000000	1758.000000	1757.000000	1758.000000	1757.000000	1757.000000	1760.000000
339		1733.000000	1755.000000	1758.000000	1757.000000	1758.000000	1757.000000	1757.000000	1760.000000
342		1733.000000	1755.000000	1758.000000	1757.000000	1758.000000	1757.000000	1757.000000	1760.000000
345		1733.000000	1755.000000	1758.000000	1757.000000	1758.000000	1757.000000	1757.000000	1760.000000
348		1733.000000	1755.000000	1758.000000	1757.000000	1758.000000	1757.000000	1757.000000	1760.000000
351		1733.000000	1755.000000	1758.000000	1757.000000	1758.000000	1757.000000	1757.000000	1760.000000
354		1733.000000	1755.000000	1758.000000	1757.000000	1758.000000	1757.000000	1757.000000	1760.000000
357		1733.000000	1755.000000	1758.000000	1757.000000	1758.000000	1757.000000	1757.000000	1760.000000
360		1733.000000	1755.000000	1758.000000	1757.000000	1758.000000	1757.000000	1757.000000	1760.000000
363		1733.000000	1755.000000	1758.000000	1757.000000	1758.000000	1757.000000	1757.000000	1760.000000
366		1733.000000	1755.000000	1758.000000	1757.000000	1758.000000	1757.000000	1757.000000	1760.000000
369		1733.000000	1755.000000	1758.000000	1757.000000	1758.000000	1757.000000	1757.000000	1760.000000
372		1733.000000	1755.000000	1758.000000	1757.000000	1758.000000	1757.000000	1757.000000	1760.000000
375		1733.000000	1755.000000	1758.000000	1757.000000	1758.000000	1757.000000	1757.000000	1760.000000
378		1733.000000	1755.000000	1758.000000	1757.000000	1758.000000	1757.000000	1757.000000	1760.000000
381		1733.000000	1755.000000	1758.000000	1757.000000	1758.000000	1757.000000	1757.000000	1760.000000
384		1733.000000	1755.000000	1758.000000	1757.000000	1758.000000	1757.000000	1757.000000	1760.000000
387		1733.000000	1755.000000	1758.000000	1757.000000	1758.000000	1757.000000	1757.000000	1760.000000
390		1733.000000	1755.000000	1758.000000	1757.000000	1758.000000	1757.000000	1757.000000	1760.000000
393		1733.000000	1755.000000	1758.000000	1757.000000	1758.000000	1757.000000	1757.000000	1760.000000
396		1733.000000	1755.000000	1758.000000	1757.000000	1758.000000	1757.000000	1757.000000	1760.000000
399		1733.000000	1755.000000	1758.000000	1757.000000	1758.000000	1757.000000	1757.000000	1760.000000
402		1733.000000	1755.000000	1758.000000	1757.000000	1758.000000	1757.000000	1757.000000	1760.000000
405		1733.000000	1755.000000	1758.000000	1757.000000	1758.000000	1757.000000	1757.000000	1760.000000
408		1733.000000	1755.000000	1758.000000	1757.000000	1758.000000	1757.000000	1757.000000	1760.000000
411		1733.000000	1755.000000	1758.000000	1757.000000	1758.000000	1757.000000	1757.000000	1760.000000
414		1733.000000	1755.000000	1758.000000	1757.000000	1758.000000	1757.000000	1757.000000	1760.000000
417		1733.000000	1755.000000	1758.000000	1757.000000	1758.000000	1757.000000	1757.000000	1760.000000
420		1733.000000	1755.000000	1758.000000	1757.000000	1758.000000	1757.000000	1757.000000	1760.000000
423		1733.000000	1755.000000	1758.000000	1757.000000	1758.000000	1757.000000	1757.000000	1760.000000
426		1733.000000	1755.000000	1758.000000	1757.000000	1758.000000	1757.000000	1757.000000	1760.000000
429		1733.000000	1755.000000	1758.000000	1757.000000	1758.000000	1757.000000	1757.000000	1760.000000
432		1733.000000	1755.000000	1758.000000	1757.000000	1758.000000	1757.000000	1757.000000	1760.000000
435		1733.000000	1755.000000	1758.000000	1757.000000	1758.000000	1757.000000	1757.000000	1760.000000
438		1733.000000	1755.000000	1758.000000	1757.000000	1758.000000	1757.000000	1757.000000	1760.000000
441		1733.000000	1755.000000	1758.000000	1757.000000	1758.000000	1757.000000	1757.000000	1760.000000
444		1733.000000	1755.000000	1758.000000	1757.000000	1758.000000	1757.000000	1757.000000	1760.000000
447		1733.000000	1755.000000	1758.000000	1757.000000	1758.000000	1757.000000	1757.000000	1760.000000
450		1733.000000	1755.000000	1758.000000	1757.000000	1758.000000	1757.000000	1757.000000	1760.000000
453		1733.000000	1755.000000	1758.000000	1757.000000	1758.000000	1757.000000	1757.000000	1760.000000
456		1733.000000	1755.000000	1758.000000	1757.000000	1758.000000	1757.000000	1757.000000	1760.000000
459		1733.000000	1755.000000	1758.000000	1757.000000	1758.000000	1757.000000	1757.000000	1760.000000
462		1733.000000	1755.000000	1758.000000	1757.000000	1758.000000	1757.000000	1757.000000	1760.000000
465		1733.000000	1755.000000	1758.000000	1757.000000	1758.000000	1757.000000	1757.000000	1760.000000
468		1733.000000	1755.000000	1758.000000	1757.000000	1758.000000	1757.000000	1757.000000	1760.000000
471		1733.000000	1755.000000	1758.000000	1757.000000	1758.000000	1757.000000	1757.000000	1760.000000
474		1733.000000	1755.000000	1758.000000	1757.000000	1758.000000	1757.000000	1757.000000	1760.000000
477		1733.000000	1755.000000	1758.000000	1757.000000	1758.000000	1757.000000	1757.000000	1760.000000
480		1733.000000	1755.000000	1758.000000	1757.000000	1758.000000	1757.000000	1757.000000	1760.000000
483		1733.000000	1755.000000	1758.000000	1757.000000	1758.000000	1757.000000	1757.000000	1760.000000
486		1733.000000	1755.000000	1758.000000	1757.000000	1758.000000	1757.000000	1757.000000	1760.000000
489		1733.000000	1755.000000	1758.000000	1757.000000	1758.000000	1757.000000	1757.000000	1760.000000
492		1733.000000	1755.000000	1758.000000	1757.000000	1758.000000	1757.000000	1757.000000	1760.000000
495		1733.000000	1755.000000	1758.000000	1757.000000	1758.000000	1757.000000	1757.000000	1760.000000
498		1733.000000	1755.000000	1758.000000	1757.000000	1758.000000	1757.000000	1757.000000	1760.000000
501		1733.000000	1755.000000	1758.000000	1757.000000	1758.000000	1757.000000	1757.000000	1760.000000
504		1733.000000	1755.000000	1758.000000	1757.000000	1758.000000	1757.000000	1757.000000	1760.000000
507		1733.000000	1755.000000	1758.000000	1757.000000	1758.000000	1757.000000	1757.000000	1760.000000
510		1733.000000	1755.000000	1758.000000	1757.000000	1758.000000	1757.000000	1757.000000	1760.000000
513		1733.000000	1755.000000	1758.000000	1757.000000	1758.000000	1757.000000	1757.000000	1760.000000
516		1733.000000	1755.000000	1758.000000	1757.000000	1758.000000	1757.000000	1757.000000	1760.000000
519		1733.000000	1755.000000	1758.000000	1757.000000	1758.000000	1757.000000	1757.000000	1760.000000
522		1733.000000	1755.000000	1758.000000	1757.000000	1758.000000	1757.000000	1757.000000	1760.000000
525		1733.000000	1755.000000	1758.000000	1757.000000	1758.000000	1757.000000	1757.000000	1760.000000
528		1733.000000	1755.000000	1758.000000	1757.000000	1758.000000	1757.000000	1757.000000	1760.000000
531		1733.000000	1755.000000	1758.000000	1757.000000	1758.000000	1757.000000	1757.000000	1760.000000
534		1733.000000	1755.000000	1758.000000	1757.000000	1758.000000	1757.000000	1757.000000	1760.000000
537		1733.000000	1755.000000	1758.000000	1757.000000	1758.000000	1757.000000	1757.000000	1760.000000
540		1733.000000	1755.000000	1758.000000	1757.000000	1758.000000	1757.000000	1757.000000	1760.000000
543		1733.000000	1755.000000	1758.000000	1757.000000	1758.000000	1757.000000	1757.000000	1760.000000
546		1733.000000	1755.000000	1758.000000	1757.000000	1758.000000	1757.000000	1757.000000	1760.000000
549		1733.000000	1755.000000	1758.000000	1757.000000	1758.000000	1757.000000	1757.000000	1760.000000
552		1733.000000	1755.000000	1758.000000	1757.000000	1758.000000	1757.000000	1757.000000	1760.000000
555		1733.000000	1755.000000	1758.000000	1757.000000	1758.000000	1757.000000	1757.000000	1760.000000
558		1733.000000	1755.000000	1758.000000	1757.000000	1758.000000	1757.000000	1757.000000	1760.000000
561		1733.000000	1755.000000	1758.000000	1757.000000	1758.000000	1757.000000	1757.000000	1760.000000
564		1733.000000	1755.000000	1758.000000	1757.000000	1758.000000	1757.000000	1757.000000	1760.000000
567		1733.000000	1755.000000	1758.000000	1757.000000	1758.000000	1757.000000	1757.000000	1760.000000
570		1733.000000	1755.000000	1758.000000	1757.000000	1758.000000	1757.000000	1757.000000	1760.000000
573		1733.000000	1755.000000	1758.000000	1757.000000	1758.000000	1757.000000	1757.000000	1760.000000
576		1733.000000	1755.000000	1758.000000	1757.000000	1758.000000	1757.000000	1757.000000	1760.000000
579		1733.000000	1755.000000	1758.000000	1757.000000	1758.000000	1757.000000	1757.000000	1760.000000
582		1733.000000	1755.000000	1758.000000	1757.000000	1758.000000	1757.000000	1757.000000	1760.000000
585		1733.000000	1755.000000	1758.000000	1757.000000	1758.000000	1757.000000	1757.000000	1760.000000
588		1733.000000	1755.000000	1758.000000	1757.000000	1758.000000	1757.000000	1757.000000	1760.000000
591		1733.000000	1755.000000	1758.000000	1757.000000	1758.000000	1757.000000	1757.000000	1760.000000
594		1733.000000	1755.000000	1758.000000	1757.000000	1758.000000	1757.000000	1757.000000	1760.000000
597		1733.000000	1755.000000	1758.000000	1757.000000	1758.000000	1757.000000	1757.000000	1760.000000
600		1733.000000	1755.000000	1758.000000	1757.000000	1758.000000	1757.000000	1757.000000	1760.000000
603		1733.000000	1755.000000	1758.000000	1757.000000	1758.000000	1757.000000	1757.000000	1760.000000
606		1733.000000	1755.000000	1758.000000	1757.000000	1758.000000	1757.000000	1757.000000	1760.000000
609		1733.000000	1755.000000	1758.000000	1757.000000	1758.000000	1757.000000	1757.000000	1760.000000
612		1733.000000	1755.000000	1758.000000	1757.000000	1758.000000	1757.000000	1757.000000	1760.000000
615		1733.000000	1755.000000	1758.000000	1757.000000	1758.000000	1757.000000	1757.000000	1760.000000
618		1733.000000	1755.000000	1758.000000	1757.000000	1758.000000	1757.000000	1757.000000	1760.000000
621		1733.000000	1755.000000	1758.000000	1757.000000	1758.000000	1757.000000	1757.000000	1760.000000
624		1733.000000	1755.000000	1758.000000	1757.000000	1758.000000	1757.000000	1757.000000	1760.000000
627		1733.000000	1755.000000	1758.000000	1757.000000	1758.000000	1757.000000	1757.000000	1760.000000
630		1733.000000	1755.000000	1758.000000	1757.000000	1758.000000	1757.000000	1757.000000	1760.000000
633		1733.000000	1755.000000	1758.000000	1757.000000	1758.000000	1757.000000	1757.000000	1760.000000
636		1733.000000	1755.000000	1758.000000	1757.000000	1758.000000	1757.000000	1757.000000	1760.000000
639		1733.000000	1755.000000	1758.000000	1757.000000	1758.000000	1757.000000	1757.000000	1760.000000
642		1733.000000	1755.000000	1758.000000	1757.000000	1758.000000	1757.000000	1757.000000	1760.000000
645		1733.000000	1755.000000	1758.000000	1757.000000	1758.000000	1757.000000	1757.000000	1760.000000
648		1733.000000	1755.000000	1758.000000	1757.000000	1758.000000	1757.000000	1757.000000	1760.000000
651		1733.000000	1755.000000	1758.000000	1757.000000	1758.000000	1757.000000	1757.000000	1760.000000