x	"NC0"	"NC1"	"NC2"	"NC3"	"NC4"	"NC5"	"NC6"	"NC7"
1		15.070000	12.910004	12.379997	13.110001	13.900002	13.669998	14.169998	14.010002
4		15.339996	12.860001	12.379997	13.040001	13.830002	13.589996	14.099998	13.940002
7		15.629997	12.790001	12.309998	12.970001	13.760002	13.519997	14.019997	13.870003
10		15.889999	12.720001	12.250000	12.910004	13.690002	13.449997	13.949997	13.800003
13		16.190002	12.660004	12.180000	12.839996	13.610001	13.379997	13.879997	13.739998
16		16.489998	12.610001	12.129997	12.790001	13.550003	13.300003	13.809998	13.669998
19		16.790001	12.760002	12.059998	12.720001	13.480003	13.230003	13.730003	13.589996
22		17.089996	13.010002	12.000000	12.660004	13.400002	13.169998	13.669998	13.519997
25		17.360001	13.320000	12.070000	12.599998	13.330002	13.120003	13.610001	13.449997
28		17.699997	13.699997	12.370003	12.540001	13.269997	13.050003	13.540001	13.389999
31		18.010002	13.739998	12.629997	12.779999	13.199997	12.989998	13.459999	13.320000
34		18.279999	13.669998	12.980003	13.040001	13.139999	12.910004	13.389999	13.239998
37		18.279999	13.620003	13.279999	13.370003	13.389999	12.849998	13.320000	13.190002
40		18.279999	13.550003	13.230003	13.720001	13.639999	13.059998	13.260002	13.120003
43		18.279999	13.489998	13.150002	13.699997	13.970001	13.309998	13.199997	13.059998
46		18.279999	13.419998	13.089996	13.650002	14.389999	13.680000	13.449997	12.989998
49		18.279999	13.360001	13.019997	13.589996	14.349998	13.680000	13.690002	12.930000
52		18.279999	13.300003	12.980003	13.519997	14.290001	14.019997	14.000000	13.089996
55		18.279999	13.239998	12.919998	13.449997	14.220001	14.160004	14.000000	13.339996
58		18.279999	13.190002	12.870003	13.389999	14.150002	14.099998	14.370003	13.629997
61		18.279999	13.120003	12.830002	13.330002	14.089996	14.040001	14.459999	13.959999
64		18.279999	13.059998	12.769997	13.269997	14.040001	13.980003	14.400002	14.150002
67		18.279999	13.010002	12.730003	13.209999	13.989998	13.940002	14.330002	14.080002
70		18.279999	13.160004	12.680000	13.269997	14.000000	13.870003	14.260002	14.129997
73		18.279999	13.160004	12.980003	13.529999	14.269997	14.059998	14.440002	14.449997
76		18.279999	13.440002	13.279999	13.809998	14.610001	14.419998	14.769997	14.730003
79		18.279999	13.739998	13.589996	14.070000	14.889999	14.690002	15.029999	14.730003
82		18.279999	14.019997	13.889999	14.339996	15.160004	14.959999	15.309998	14.730003
85		18.279999	14.269997	13.889999	14.339996	15.160004	14.959999	15.309998	14.730003
88		18.279999	14.269997	13.889999	14.339996	15.160004	14.959999	15.309998	14.730003
91		18.279999	14.269997	13.889999	14.339996	15.160004	14.959999	15.309998	14.730003
94		18.279999	14.269997	13.889999	14.339996	15.160004	14.959999	15.309998	14.730003
97		18.279999	14.269997	13.889999	14.339996	15.160004	14.959999	15.309998	14.730003
100		18.279999	14.269997	13.889999	14.339996	15.160004	14.959999	15.309998	14.730003
103		18.279999	14.269997	13.889999	14.339996	15.160004	14.959999	15.309998	14.730003
106		18.279999	14.269997	13.889999	14.339996	15.160004	14.959999	15.309998	14.730003
109		18.279999	14.269997	13.889999	14.339996	15.160004	14.959999	15.309998	14.730003
112		18.279999	14.269997	13.889999	14.339996	15.160004	14.959999	15.309998	14.730003
115		18.279999	14.269997	13.889999	14.339996	15.160004	14.959999	15.309998	14.730003
118		18.279999	14.269997	13.889999	14.339996	15.160004	14.959999	15.309998	14.730003
121		18.279999	14.269997	13.889999	14.339996	15.160004	14.959999	15.309998	14.730003
124		18.279999	14.269997	13.889999	14.339996	15.160004	14.959999	15.309998	14.730003
127		18.279999	14.269997	13.889999	14.339996	15.160004	14.959999	15.309998	14.730003
130		18.279999	14.269997	13.889999	14.339996	15.160004	14.959999	15.309998	14.730003
133		18.279999	14.269997	13.889999	14.339996	15.160004	14.959999	15.309998	14.730003
136		18.279999	14.269997	13.889999	14.339996	15.160004	14.959999	15.309998	14.730003
139		18.279999	14.269997	13.889999	14.339996	15.160004	14.959999	15.309998	14.730003
142		18.279999	14.269997	13.889999	14.339996	15.160004	14.959999	15.309998	14.730003
145		18.279999	14.269997	13.889999	14.339996	15.160004	14.959999	15.309998	14.730003
148		18.279999	14.269997	13.889999	14.339996	15.160004	14.959999	15.309998	14.730003
151		18.279999	14.269997	13.889999	14.339996	15.160004	14.959999	15.309998	14.730003
154		18.279999	14.269997	13.889999	14.339996	15.160004	14.959999	15.309998	14.730003
157		18.279999	14.269997	13.889999	14.339996	15.160004	14.959999	15.309998	14.730003
160		18.279999	14.269997	13.889999	14.339996	15.160004	14.959999	15.309998	14.730003
163		18.279999	14.269997	13.889999	14.339996	15.160004	14.959999	15.309998	14.730003
166		18.279999	14.269997	13.889999	14.339996	15.160004	14.959999	15.309998	14.730003
169		18.279999	14.269997	13.889999	14.339996	15.160004	14.959999	15.309998	14.730003
172		18.279999	14.269997	13.889999	14.339996	15.160004	14.959999	15.309998	14.730003
175		18.279999	14.269997	13.889999	14.339996	15.160004	14.959999	15.309998	14.730003
178		18.279999	14.269997	13.889999	14.339996	15.160004	14.959999	15.309998	14.730003
181		18.279999	14.269997	13.889999	14.339996	15.160004	14.959999	15.309998	14.730003
184		18.279999	14.269997	13.889999	14.339996	15.160004	14.959999	15.309998	14.730003
187		18.279999	14.269997	13.889999	14.339996	15.160004	14.959999	15.309998	14.730003
190		18.279999	14.269997	13.889999	14.339996	15.160004	14.959999	15.309998	14.730003
193		18.279999	14.269997	13.889999	14.339996	15.160004	14.959999	15.309998	14.730003
196		18.279999	14.269997	13.889999	14.339996	15.160004	14.959999	15.309998	14.730003
199		18.279999	14.269997	13.889999	14.339996	15.160004	14.959999	15.309998	14.730003
202		18.279999	14.269997	13.889999	14.339996	15.160004	14.959999	15.309998	14.730003
205		18.279999	14.269997	13.889999	14.339996	15.160004	14.959999	15.309998	14.730003
208		18.279999	14.269997	13.889999	14.339996	15.160004	14.959999	15.309998	14.730003
211		18.279999	14.269997	13.889999	14.339996	15.160004	14.959999	15.309998	14.730003
214		18.279999	14.269997	13.889999	14.339996	15.160004	14.959999	15.309998	14.730003
217		18.279999	14.269997	13.889999	14.339996	15.160004	14.959999	15.309998	14.730003
220		18.279999	14.269997	13.889999	14.339996	15.160004	14.959999	15.309998	14.730003
223		18.279999	14.269997	13.889999	14.339996	15.160004	14.959999	15.309998	14.730003
226		18.279999	14.269997	13.889999	14.339996	15.160004	14.959999	15.309998	14.730003
229		18.279999	14.269997	13.889999	14.339996	15.160004	14.959999	15.309998	14.730003
232		18.279999	14.269997	13.889999	14.339996	15.160004	14.959999	15.309998	14.730003
235		18.279999	14.269997	13.889999	14.339996	15.160004	14.959999	15.309998	14.730003
238		18.279999	14.269997	13.889999	14.339996	15.160004	14.959999	15.309998	14.730003
241		18.279999	14.269997	13.889999	14.339996	15.160004	14.959999	15.309998	14.730003
244		18.279999	14.269997	13.889999	14.339996	15.160004	14.959999	15.309998	14.730003
247		18.279999	14.269997	13.889999	14.339996	15.160004	14.959999	15.309998	14.730003
250		18.279999	14.269997	13.889999	14.339996	15.160004	14.959999	15.309998	14.730003
253		18.279999	14.269997	13.889999	14.339996	15.160004	14.959999	15.309998	14.730003
256		18.279999	14.269997	13.889999	14.339996	15.160004	14.959999	15.309998	14.730003
259		18.279999	14.269997	13.889999	14.339996	15.160004	14.959999	15.309998	14.730003
262		18.279999	14.269997	13.889999	14.339996	15.160004	14.959999	15.309998	14.730003
265		18.279999	14.269997	13.889999	14.339996	15.160004	14.959999	15.309998	14.730003
268		18.279999	14.269997	13.889999	14.339996	15.160004	14.959999	15.309998	14.730003
271		18.279999	14.269997	13.889999	14.339996	15.160004	14.959999	15.309998	14.730003
274		18.279999	14.269997	13.889999	14.339996	15.160004	14.959999	15.309998	14.730003
277		18.279999	14.269997	13.889999	14.339996	15.160004	14.959999	15.309998	14.730003
280		18.279999	14.269997	13.889999	14.339996	15.160004	14.959999	15.309998	14.730003
283		18.279999	14.269997	13.889999	14.339996	15.160004	14.959999	15.309998	14.730003
286		18.279999	14.269997	13.889999	14.339996	15.160004	14.959999	15.309998	14.730003
289		18.279999	14.269997	13.889999	14.339996	15.160004	14.959999	15.309998	14.730003
292		18.279999	14.269997	13.889999	14.339996	15.160004	14.959999	15.309998	14.730003
295		18.279999	14.269997	13.889999	14.339996	15.160004	14.959999	15.309998	14.730003
298		18.279999	14.269997	13.889999	14.339996	15.160004	14.959999	15.309998	14.730003
301		18.279999	14.269997	13.889999	14.339996	15.160004	14.959999	15.309998	14.730003
304		18.279999	14.269997	13.889999	14.339996	15.160004	14.959999	15.309998	14.730003
307		18.279999	14.269997	13.889999	14.339996	15.160004	14.959999	15.309998	14.730003
310		18.279999	14.269997	13.889999	14.339996	15.160004	14.959999	15.309998	14.730003
313		18.279999	14.269997	13.889999	14.339996	15.160004	14.959999	15.309998	14.730003
316		18.279999	14.269997	13.889999	14.339996	15.160004	14.959999	15.309998	14.730003
319		18.279999	14.269997	13.889999	14.339996	15.160004	14.959999	15.309998	14.730003
322		18.279999	14.269997	13.889999	14.339996	15.160004	14.959999	15.309998	14.730003
325		18.279999	14.269997	13.889999	14.339996	15.160004	14.959999	15.309998	14.730003
328		18.279999	14.269997	13.889999	14.339996	15.160004	14.959999	15.309998	14.730003
331		18.279999	14.269997	13.889999	14.339996	15.160004	14.959999	15.309998	14.730003
334		18.279999	14.269997	13.889999	14.339996	15.160004	14.959999	15.309998	14.730003
337		18.279999	14.269997	13.889999	14.339996	15.160004	14.959999	15.309998	14.730003
340		18.279999	14.269997	13.889999	14.339996	15.160004	14.959999	15.309998	14.730003
343		18.279999	14.269997	13.889999	14.339996	15.160004	14.959999	15.309998	14.730003
346		18.279999	14.269997	13.889999	14.339996	15.160004	14.959999	15.309998	14.730003
349		18.279999	14.269997	13.889999	14.339996	15.160004	14.959999	15.309998	14.730003
352		18.279999	14.269997	13.889999	14.339996	15.160004	14.959999	15.309998	14.730003
355		18.279999	14.269997	13.889999	14.339996	15.160004	14.959999	15.309998	14.730003
358		18.279999	14.269997	13.889999	14.339996	15.160004	14.959999	15.309998	14.730003
361		18.279999	14.269997	13.889999	14.339996	15.160004	14.959999	15.309998	14.730003
364		18.279999	14.269997	13.889999	14.339996	15.160004	14.959999	15.309998	14.730003
367		18.279999	14.269997	13.889999	14.339996	15.160004	14.959999	15.309998	14.730003
370		18.279999	14.269997	13.889999	14.339996	15.160004	14.959999	15.309998	14.730003
373		18.279999	14.269997	13.889999	14.339996	15.160004	14.959999	15.309998	14.730003
376		18.279999	14.269997	13.889999	14.339996	15.160004	14.959999	15.309998	14.730003
379		18.279999	14.269997	13.889999	14.339996	15.160004	14.959999	15.309998	14.730003
382		18.279999	14.269997	13.889999	14.339996	15.160004	14.959999	15.309998	14.730003
385		18.279999	14.269997	13.889999	14.339996	15.160004	14.959999	15.309998	14.730003
388		18.279999	14.269997	13.889999	14.339996	15.160004	14.959999	15.309998	14.730003
391		18.279999	14.269997	13.889999	14.339996	15.160004	14.959999	15.309998	14.730003
394		18.279999	14.269997	13.889999	14.339996	15.160004	14.959999	15.309998	14.730003
397		18.279999	14.269997	13.889999	14.339996	15.160004	14.959999	15.309998	14.730003
400		18.279999	14.269997	13.889999	14.339996	15.160004	14.959999	15.309998	14.730003
403		18.279999	14.269997	13.889999	14.339996	15.160004	14.959999	15.309998	14.730003
406		18.279999	14.269997	13.889999	14.339996	15.160004	14.959999	15.309998	14.730003
409		18.279999	14.269997	13.889999	14.339996	15.160004	14.959999	15.309998	14.730003
412		18.279999	14.269997	13.889999	14.339996	15.160004	14.959999	15.309998	14.730003
415		18.279999	14.269997	13.889999	14.339996	15.160004	14.959999	15.309998	14.730003
418		18.279999	14.269997	13.889999	14.339996	15.160004	14.959999	15.309998	14.730003
421		18.279999	14.269997	13.889999	14.339996	15.160004	14.959999	15.309998	14.730003
424		18.279999	14.269997	13.889999	14.339996	15.160004	14.959999	15.309998	14.730003
427		18.279999	14.269997	13.889999	14.339996	15.160004	14.959999	15.309998	14.730003
430		18.279999	14.269997	13.889999	14.339996	15.160004	14.959999	15.309998	14.730003
433		18.279999	14.269997	13.889999	14.339996	15.160004	14.959999	15.309998	14.730003
436		18.279999	14.269997	13.889999	14.339996	15.160004	14.959999	15.309998	14.730003
439		18.279999	14.269997	13.889999	14.339996	15.160004	14.959999	15.309998	14.730003
442		18.279999	14.269997	13.889999	14.339996	15.160004	14.959999	15.309998	14.730003
445		18.279999	14.269997	13.889999	14.339996	15.160004	14.959999	15.309998	14.730003
448		18.279999	14.269997	13.889999	14.339996	15.160004	14.959999	15.309998	14.730003
451		18.279999	14.269997	13.889999	14.339996	15.160004	14.959999	15.309998	14.730003
454		18.279999	14.269997	13.889999	14.339996	15.160004	14.959999	15.309998	14.730003
457		18.279999	14.269997	13.889999	14.339996	15.160004	14.959999	15.309998	14.730003
460		18.279999	14.269997	13.889999	14.339996	15.160004	14.959999	15.309998	14.730003
463		18.279999	14.269997	13.889999	14.339996	15.160004	14.959999	15.309998	14.730003
466		18.279999	14.269997	13.889999	14.339996	15.160004	14.959999	15.309998	14.730003
469		18.279999	14.269997	13.889999	14.339996	15.160004	14.959999	15.309998	14.730003
472		18.279999	14.269997	13.889999	14.339996	15.160004	14.959999	15.309998	14.730003
475		18.279999	14.269997	13.889999	14.339996	15.160004	14.959999	15.309998	14.730003
478		18.279999	14.269997	13.889999	14.339996	15.160004	14.959999	15.309998	14.730003
481		18.279999	14.269997	13.889999	14.339996	15.160004	14.959999	15.309998	14.730003
484		18.279999	14.269997	13.889999	14.339996	15.160004	14.959999	15.309998	14.730003
487		18.279999	14.269997	13.889999	14.339996	15.160004	14.959999	15.309998	14.730003
490		18.279999	14.269997	13.889999	14.339996	15.160004	14.959999	15.309998	14.730003
493		18.279999	14.269997	13.889999	14.339996	15.160004	14.959999	15.309998	14.730003
496		18.279999	14.269997	13.889999	14.339996	15.160004	14.959999	15.309998	14.730003
499		18.279999	14.269997	13.889999	14.339996	15.160004	14.959999	15.309998	14.730003
502		18.279999	14.269997	13.889999	14.339996	15.160004	14.959999	15.309998	14.730003
505		18.279999	14.269997	13.889999	14.339996	15.160004	14.959999	15.309998	14.730003
508		18.279999	14.269997	13.889999	14.339996	15.160004	14.959999	15.309998	14.730003
511		18.279999	14.269997	13.889999	14.339996	15.160004	14.959999	15.309998	14.730003
514		18.279999	14.269997	13.889999	14.339996	15.160004	14.959999	15.309998	14.730003
517		18.279999	14.269997	13.889999	14.339996	15.160004	14.959999	15.309998	14.730003
520		18.279999	14.269997	13.889999	14.339996	15.160004	14.959999	15.309998	14.730003
523		18.279999	14.269997	13.889999	14.339996	15.160004	14.959999	15.309998	14.730003
526		18.279999	14.269997	13.889999	14.339996	15.160004	14.959999	15.309998	14.730003
529		18.279999	14.269997	13.889999	14.339996	15.160004	14.959999	15.309998	14.730003
532		18.279999	14.269997	13.889999	14.339996	15.160004	14.959999	15.309998	14.730003
535		18.279999	14.269997	13.889999	14.339996	15.160004	14.959999	15.309998	14.730003
538		18.279999	14.269997	13.889999	14.339996	15.160004	14.959999	15.309998	14.730003
541		18.279999	14.269997	13.889999	14.339996	15.160004	14.959999	15.309998	14.730003
544		18.279999	14.269997	13.889999	14.339996	15.160004	14.959999	15.309998	14.730003
547		18.279999	14.269997	13.889999	14.339996	15.160004	14.959999	15.309998	14.730003
550		18.279999	14.269997	13.889999	14.339996	15.160004	14.959999	15.309998	14.730003
553		18.279999	14.269997	13.889999	14.339996	15.160004	14.959999	15.309998	14.730003
556		18.279999	14.269997	13.889999	14.339996	15.160004	14.959999	15.309998	14.730003
559		18.279999	14.269997	13.889999	14.339996	15.160004	14.959999	15.309998	14.730003
562		18.279999	14.269997	13.889999	14.339996	15.160004	14.959999	15.309998	14.730003
565		18.279999	14.269997	13.889999	14.339996	15.160004	14.959999	15.309998	14.730003
568		18.279999	14.269997	13.889999	14.339996	15.160004	14.959999	15.309998	14.730003
571		18.279999	14.269997	13.889999	14.339996	15.160004	14.959999	15.309998	14.730003
574		18.279999	14.269997	13.889999	14.339996	15.160004	14.959999	15.309998	14.730003
577		18.279999	14.269997	13.889999	14.339996	15.160004	14.959999	15.309998	14.730003
580		18.279999	14.269997	13.889999	14.339996	15.160004	14.959999	15.309998	14.730003
583		18.279999	14.269997	13.889999	14.339996	15.160004	14.959999	15.309998	14.730003
586		18.279999	14.269997	13.889999	14.339996	15.160004	14.959999	15.309998	14.730003
589		18.279999	14.269997	13.889999	14.339996	15.160004	14.959999	15.309998	14.730003
592		18.279999	14.269997	13.889999	14.339996	15.160004	14.959999	15.309998	14.730003
595		18.279999	14.269997	13.889999	14.339996	15.160004	14.959999	15.309998	14.730003
598		18.279999	14.269997	13.889999	14.339996	15.160004	14.959999	15.309998	14.730003
601		18.279999	14.269997	13.889999	14.339996	15.160004	14.959999	15.309998	14.730003
604		18.279999	14.269997	13.889999	14.339996	15.160004	14.959999	15.309998	14.730003
607		18.279999	14.269997	13.889999	14.339996	15.160004	14.959999	15.309998	14.730003
610		18.279999	14.269997	13.889999	14.339996	15.160004	14.959999	15.309998	14.730003
613		18.279999	14.269997	13.889999	14.339996	15.160004	14.959999	15.309998	14.730003
616		18.279999	14.269997	13.889999	14.339996	15.160004	14.959999	15.309998	14.730003
619		18.279999	14.269997	13.889999	14.339996	15.160004	14.959999	15.309998	14.730003
622		18.279999	14.269997	13.889999	14.339996	15.160004	14.959999	15.309998	14.730003
625		18.279999	14.269997	13.889999	14.339996	15.160004	14.959999	15.309998	14.730003
628		18.279999	14.269997	13.889999	14.339996	15.160004	14.959999	15.309998	14.730003
631		18.279999	14.269997	13.889999	14.339996	15.160004	14.959999	15.309998	14.730003
634		18.279999	14.269997	13.889999	14.339996	15.160004	14.959999	15.309998	14.730003
637		18.279999	14.269997	13.889999	14.339996	15.160004	14.959999	15.309998	14.730003
640		18.279999	14.269997	13.889999	14.339996	15.160004	14.959999	15.309998	14.730003
643		18.279999	14.269997	13.889999	14.339996	15.160004	14.959999	15.309998	14.730003
646		18.279999	14.269997	13.889999	14.339996	15.160004	14.959999	15.309998	14.730003
649		18.279999	14.269997	13.889999	14.339996	15.160004	14.959999	15.309998	14.730003
652		18.279999	14.269997	13.889999	14.339996	15.160004	14.959999	15.309998	14.730003