x	"NC0"	"NC1"	"NC2"	"NC3"	"NC4"	"NC5"	"NC6"	"NC7"
2		0.031629	0.000081	0.000081	0.000081	0.000081	0.000081	0.000081	0.000077
5		0.009064	0.000081	0.000081	0.000081	0.000081	0.000081	0.000081	0.000081
8		0.001809	0.000081	0.000081	0.000081	0.000081	0.000081	0.000081	0.000081
11		0.010954	0.000081	0.000081	0.000081	0.000081	0.000081	0.000081	0.000081
14		0.000131	0.000081	0.000077	0.000081	0.000081	0.000081	0.000081	0.000081
17		0.002176	0.000081	0.000077	0.000081	0.000081	0.000081	0.000081	0.000081
20		0.004522	0.005666	0.000081	0.000081	0.000081	0.000081	0.000081	0.000081
23		0.000078	0.009824	0.000081	0.000081	0.000081	0.000081	0.000081	0.000081
26		0.000082	0.000520	0.005760	0.000081	0.000081	0.000081	0.000081	0.000081
29		0.000405	0.000241	0.001973	0.000081	0.000081	0.000081	0.000081	0.000081
32		0.029922	0.010089	0.005335	0.005765	0.000081	0.000081	0.000081	0.000081
35		0.000081	0.000081	0.000081	0.009462	0.000081	0.000081	0.000081	0.000077
38		0.000081	0.001904	0.012076	0.000081	0.005765	0.000081	0.000081	0.000081
41		0.000081	0.000082	0.000081	0.000722	0.011129	0.005765	0.000077	0.000081
44		0.000081	0.000081	0.000081	0.011387	0.000081	0.011679	0.000081	0.000081
47		0.000081	0.000081	0.000081	0.000081	0.000722	0.000646	0.005666	0.000081
50		0.000081	0.000081	0.000081	0.000081	0.011387	0.000646	0.006539	0.000081
53		0.000081	0.000081	0.000081	0.000081	0.000081	0.000077	0.000180	0.005761
56		0.000081	0.000081	0.000081	0.000081	0.000081	0.012027	0.000180	0.003328
59		0.000081	0.000081	0.000081	0.000081	0.000081	0.000081	0.000241	0.001406
62		0.000081	0.000081	0.000081	0.000081	0.000081	0.000081	0.011863	0.000081
65		0.000081	0.000081	0.000081	0.000081	0.000081	0.000081	0.000081	0.012076
68		0.000081	0.001180	0.001180	0.000081	0.000081	0.000081	0.000081	0.000081
71		0.000081	0.000485	0.000485	0.001534	0.000484	0.000081	0.000081	0.000484
74		0.000081	0.000485	0.000078	0.000132	0.000077	0.000484	0.000484	0.000082
77		0.000081	0.000082	0.000082	0.000082	0.001180	0.000082	0.000082	0.000081
80		0.000081	0.000081	0.000081	0.000081	0.000082	0.000081	0.000081	0.000081
83		0.000081	0.000081	0.000245	0.000241	0.000245	0.000245	0.000081	0.000081
86		0.000081	0.000486	0.000245	0.000241	0.000245	0.000245	0.000081	0.000081
89		0.000081	0.000486	0.000245	0.000241	0.000245	0.000245	0.000081	0.000081
92		0.000081	0.000486	0.000245	0.000241	0.000245	0.000245	0.000081	0.000081
95		0.000081	0.000486	0.000245	0.000241	0.000245	0.000245	0.000081	0.000081
98		0.000081	0.000486	0.000245	0.000241	0.000245	0.000245	0.000081	0.000081
101		0.000081	0.000486	0.000245	0.000241	0.000245	0.000245	0.000081	0.000081
104		0.000081	0.000486	0.000245	0.000241	0.000245	0.000245	0.000081	0.000081
107		0.000081	0.000486	0.000245	0.000241	0.000245	0.000245	0.000081	0.000081
110		0.000081	0.000486	0.000245	0.000241	0.000245	0.000245	0.000081	0.000081
113		0.000081	0.000486	0.000245	0.000241	0.000245	0.000245	0.000081	0.000081
116		0.000081	0.000486	0.000245	0.000241	0.000245	0.000245	0.000081	0.000081
119		0.000081	0.000486	0.000245	0.000241	0.000245	0.000245	0.000081	0.000081
122		0.000081	0.000486	0.000245	0.000241	0.000245	0.000245	0.000081	0.000081
125		0.000081	0.000486	0.000245	0.000241	0.000245	0.000245	0.000081	0.000081
128		0.000081	0.000486	0.000245	0.000241	0.000245	0.000245	0.000081	0.000081
131		0.000081	0.000486	0.000245	0.000241	0.000245	0.000245	0.000081	0.000081
134		0.000081	0.000486	0.000245	0.000241	0.000245	0.000245	0.000081	0.000081
137		0.000081	0.000486	0.000245	0.000241	0.000245	0.000245	0.000081	0.000081
140		0.000081	0.000486	0.000245	0.000241	0.000245	0.000245	0.000081	0.000081
143		0.000081	0.000486	0.000245	0.000241	0.000245	0.000245	0.000081	0.000081
146		0.000081	0.000486	0.000245	0.000241	0.000245	0.000245	0.000081	0.000081
149		0.000081	0.000486	0.000245	0.000241	0.000245	0.000245	0.000081	0.000081
152		0.000081	0.000486	0.000245	0.000241	0.000245	0.000245	0.000081	0.000081
155		0.000081	0.000486	0.000245	0.000241	0.000245	0.000245	0.000081	0.000081
158		0.000081	0.000486	0.000245	0.000241	0.000245	0.000245	0.000081	0.000081
161		0.000081	0.000486	0.000245	0.000241	0.000245	0.000245	0.000081	0.000081
164		0.000081	0.000486	0.000245	0.000241	0.000245	0.000245	0.000081	0.000081
167		0.000081	0.000486	0.000245	0.000241	0.000245	0.000245	0.000081	0.000081
170		0.000081	0.000486	0.000245	0.000241	0.000245	0.000245	0.000081	0.000081
173		0.000081	0.000486	0.000245	0.000241	0.000245	0.000245	0.000081	0.000081
176		0.000081	0.000486	0.000245	0.000241	0.000245	0.000245	0.000081	0.000081
179		0.000081	0.000486	0.000245	0.000241	0.000245	0.000245	0.000081	0.000081
182		0.000081	0.000486	0.000245	0.000241	0.000245	0.000245	0.000081	0.000081
185		0.000081	0.000486	0.000245	0.000241	0.000245	0.000245	0.000081	0.000081
188		0.000081	0.000486	0.000245	0.000241	0.000245	0.000245	0.000081	0.000081
191		0.000081	0.000486	0.000245	0.000241	0.000245	0.000245	0.000081	0.000081
194		0.000081	0.000486	0.000245	0.000241	0.000245	0.000245	0.000081	0.000081
197		0.000081	0.000486	0.000245	0.000241	0.000245	0.000245	0.000081	0.000081
200		0.000081	0.000486	0.000245	0.000241	0.000245	0.000245	0.000081	0.000081
203		0.000081	0.000486	0.000245	0.000241	0.000245	0.000245	0.000081	0.000081
206		0.000081	0.000486	0.000245	0.000241	0.000245	0.000245	0.000081	0.000081
209		0.000081	0.000486	0.000245	0.000241	0.000245	0.000245	0.000081	0.000081
212		0.000081	0.000486	0.000245	0.000241	0.000245	0.000245	0.000081	0.000081
215		0.000081	0.000486	0.000245	0.000241	0.000245	0.000245	0.000081	0.000081
218		0.000081	0.000486	0.000245	0.000241	0.000245	0.000245	0.000081	0.000081
221		0.000081	0.000486	0.000245	0.000241	0.000245	0.000245	0.000081	0.000081
224		0.000081	0.000486	0.000245	0.000241	0.000245	0.000245	0.000081	0.000081
227		0.000081	0.000486	0.000245	0.000241	0.000245	0.000245	0.000081	0.000081
230		0.000081	0.000486	0.000245	0.000241	0.000245	0.000245	0.000081	0.000081
233		0.000081	0.000486	0.000245	0.000241	0.000245	0.000245	0.000081	0.000081
236		0.000081	0.000486	0.000245	0.000241	0.000245	0.000245	0.000081	0.000081
239		0.000081	0.000486	0.000245	0.000241	0.000245	0.000245	0.000081	0.000081
242		0.000081	0.000486	0.000245	0.000241	0.000245	0.000245	0.000081	0.000081
245		0.000081	0.000486	0.000245	0.000241	0.000245	0.000245	0.000081	0.000081
248		0.000081	0.000486	0.000245	0.000241	0.000245	0.000245	0.000081	0.000081
251		0.000081	0.000486	0.000245	0.000241	0.000245	0.000245	0.000081	0.000081
254		0.000081	0.000486	0.000245	0.000241	0.000245	0.000245	0.000081	0.000081
257		0.000081	0.000486	0.000245	0.000241	0.000245	0.000245	0.000081	0.000081
260		0.000081	0.000486	0.000245	0.000241	0.000245	0.000245	0.000081	0.000081
263		0.000081	0.000486	0.000245	0.000241	0.000245	0.000245	0.000081	0.000081
266		0.000081	0.000486	0.000245	0.000241	0.000245	0.000245	0.000081	0.000081
269		0.000081	0.000486	0.000245	0.000241	0.000245	0.000245	0.000081	0.000081
272		0.000081	0.000486	0.000245	0.000241	0.000245	0.000245	0.000081	0.000081
275		0.000081	0.000486	0.000245	0.000241	0.000245	0.000245	0.000081	0.000081
278		0.000081	0.000486	0.000245	0.000241	0.000245	0.000245	0.000081	0.000081
281		0.000081	0.000486	0.000245	0.000241	0.000245	0.000245	0.000081	0.000081
284		0.000081	0.000486	0.000245	0.000241	0.000245	0.000245	0.000081	0.000081
287		0.000081	0.000486	0.000245	0.000241	0.000245	0.000245	0.000081	0.000081
290		0.000081	0.000486	0.000245	0.000241	0.000245	0.000245	0.000081	0.000081
293		0.000081	0.000486	0.000245	0.000241	0.000245	0.000245	0.000081	0.000081
296		0.000081	0.000486	0.000245	0.000241	0.000245	0.000245	0.000081	0.000081
299		0.000081	0.000486	0.000245	0.000241	0.000245	0.000245	0.000081	0.000081
302		0.000081	0.000486	0.000245	0.000241	0.000245	0.000245	0.000081	0.000081
305		0.000081	0.000486	0.000245	0.000241	0.000245	0.000245	0.000081	0.000081
308		0.000081	0.000486	0.000245	0.000241	0.000245	0.000245	0.000081	0.000081
311		0.000081	0.000486	0.000245	0.000241	0.000245	0.000245	0.000081	0.000081
314		0.000081	0.000486	0.000245	0.000241	0.000245	0.000245	0.000081	0.000081
317		0.000081	0.000486	0.000245	0.000241	0.000245	0.000245	0.000081	0.000081
320		0.000081	0.000486	0.000245	0.000241	0.000245	0.000245	0.000081	0.000081
323		0.000081	0.000486	0.000245	0.000241	0.000245	0.000245	0.000081	0.000081
326		0.000081	0.000486	0.000245	0.000241	0.000245	0.000245	0.000081	0.000081
329		0.000081	0.000486	0.000245	0.000241	0.000245	0.000245	0.000081	0.000081
332		0.000081	0.000486	0.000245	0.000241	0.000245	0.000245	0.000081	0.000081
335		0.000081	0.000486	0.000245	0.000241	0.000245	0.000245	0.000081	0.000081
338		0.000081	0.000486	0.000245	0.000241	0.000245	0.000245	0.000081	0.000081
341		0.000081	0.000486	0.000245	0.000241	0.000245	0.000245	0.000081	0.000081
344		0.000081	0.000486	0.000245	0.000241	0.000245	0.000245	0.000081	0.000081
347		0.000081	0.000486	0.000245	0.000241	0.000245	0.000245	0.000081	0.000081
350		0.000081	0.000486	0.000245	0.000241	0.000245	0.000245	0.000081	0.000081
353		0.000081	0.000486	0.000245	0.000241	0.000245	0.000245	0.000081	0.000081
356		0.000081	0.000486	0.000245	0.000241	0.000245	0.000245	0.000081	0.000081
359		0.000081	0.000486	0.000245	0.000241	0.000245	0.000245	0.000081	0.000081
362		0.000081	0.000486	0.000245	0.000241	0.000245	0.000245	0.000081	0.000081
365		0.000081	0.000486	0.000245	0.000241	0.000245	0.000245	0.000081	0.000081
368		0.000081	0.000486	0.000245	0.000241	0.000245	0.000245	0.000081	0.000081
371		0.000081	0.000486	0.000245	0.000241	0.000245	0.000245	0.000081	0.000081
374		0.000081	0.000486	0.000245	0.000241	0.000245	0.000245	0.000081	0.000081
377		0.000081	0.000486	0.000245	0.000241	0.000245	0.000245	0.000081	0.000081
380		0.000081	0.000486	0.000245	0.000241	0.000245	0.000245	0.000081	0.000081
383		0.000081	0.000486	0.000245	0.000241	0.000245	0.000245	0.000081	0.000081
386		0.000081	0.000486	0.000245	0.000241	0.000245	0.000245	0.000081	0.000081
389		0.000081	0.000486	0.000245	0.000241	0.000245	0.000245	0.000081	0.000081
392		0.000081	0.000486	0.000245	0.000241	0.000245	0.000245	0.000081	0.000081
395		0.000081	0.000486	0.000245	0.000241	0.000245	0.000245	0.000081	0.000081
398		0.000081	0.000486	0.000245	0.000241	0.000245	0.000245	0.000081	0.000081
401		0.000081	0.000486	0.000245	0.000241	0.000245	0.000245	0.000081	0.000081
404		0.000081	0.000486	0.000245	0.000241	0.000245	0.000245	0.000081	0.000081
407		0.000081	0.000486	0.000245	0.000241	0.000245	0.000245	0.000081	0.000081
410		0.000081	0.000486	0.000245	0.000241	0.000245	0.000245	0.000081	0.000081
413		0.000081	0.000486	0.000245	0.000241	0.000245	0.000245	0.000081	0.000081
416		0.000081	0.000486	0.000245	0.000241	0.000245	0.000245	0.000081	0.000081
419		0.000081	0.000486	0.000245	0.000241	0.000245	0.000245	0.000081	0.000081
422		0.000081	0.000486	0.000245	0.000241	0.000245	0.000245	0.000081	0.000081
425		0.000081	0.000486	0.000245	0.000241	0.000245	0.000245	0.000081	0.000081
428		0.000081	0.000486	0.000245	0.000241	0.000245	0.000245	0.000081	0.000081
431		0.000081	0.000486	0.000245	0.000241	0.000245	0.000245	0.000081	0.000081
434		0.000081	0.000486	0.000245	0.000241	0.000245	0.000245	0.000081	0.000081
437		0.000081	0.000486	0.000245	0.000241	0.000245	0.000245	0.000081	0.000081
440		0.000081	0.000486	0.000245	0.000241	0.000245	0.000245	0.000081	0.000081
443		0.000081	0.000486	0.000245	0.000241	0.000245	0.000245	0.000081	0.000081
446		0.000081	0.000486	0.000245	0.000241	0.000245	0.000245	0.000081	0.000081
449		0.000081	0.000486	0.000245	0.000241	0.000245	0.000245	0.000081	0.000081
452		0.000081	0.000486	0.000245	0.000241	0.000245	0.000245	0.000081	0.000081
455		0.000081	0.000486	0.000245	0.000241	0.000245	0.000245	0.000081	0.000081
458		0.000081	0.000486	0.000245	0.000241	0.000245	0.000245	0.000081	0.000081
461		0.000081	0.000486	0.000245	0.000241	0.000245	0.000245	0.000081	0.000081
464		0.000081	0.000486	0.000245	0.000241	0.000245	0.000245	0.000081	0.000081
467		0.000081	0.000486	0.000245	0.000241	0.000245	0.000245	0.000081	0.000081
470		0.000081	0.000486	0.000245	0.000241	0.000245	0.000245	0.000081	0.000081
473		0.000081	0.000486	0.000245	0.000241	0.000245	0.000245	0.000081	0.000081
476		0.000081	0.000486	0.000245	0.000241	0.000245	0.000245	0.000081	0.000081
479		0.000081	0.000486	0.000245	0.000241	0.000245	0.000245	0.000081	0.000081
482		0.000081	0.000486	0.000245	0.000241	0.000245	0.000245	0.000081	0.000081
485		0.000081	0.000486	0.000245	0.000241	0.000245	0.000245	0.000081	0.000081
488		0.000081	0.000486	0.000245	0.000241	0.000245	0.000245	0.000081	0.000081
491		0.000081	0.000486	0.000245	0.000241	0.000245	0.000245	0.000081	0.000081
494		0.000081	0.000486	0.000245	0.000241	0.000245	0.000245	0.000081	0.000081
497		0.000081	0.000486	0.000245	0.000241	0.000245	0.000245	0.000081	0.000081
500		0.000081	0.000486	0.000245	0.000241	0.000245	0.000245	0.000081	0.000081
503		0.000081	0.000486	0.000245	0.000241	0.000245	0.000245	0.000081	0.000081
506		0.000081	0.000486	0.000245	0.000241	0.000245	0.000245	0.000081	0.000081
509		0.000081	0.000486	0.000245	0.000241	0.000245	0.000245	0.000081	0.000081
512		0.000081	0.000486	0.000245	0.000241	0.000245	0.000245	0.000081	0.000081
515		0.000081	0.000486	0.000245	0.000241	0.000245	0.000245	0.000081	0.000081
518		0.000081	0.000486	0.000245	0.000241	0.000245	0.000245	0.000081	0.000081
521		0.000081	0.000486	0.000245	0.000241	0.000245	0.000245	0.000081	0.000081
524		0.000081	0.000486	0.000245	0.000241	0.000245	0.000245	0.000081	0.000081
527		0.000081	0.000486	0.000245	0.000241	0.000245	0.000245	0.000081	0.000081
530		0.000081	0.000486	0.000245	0.000241	0.000245	0.000245	0.000081	0.000081
533		0.000081	0.000486	0.000245	0.000241	0.000245	0.000245	0.000081	0.000081
536		0.000081	0.000486	0.000245	0.000241	0.000245	0.000245	0.000081	0.000081
539		0.000081	0.000486	0.000245	0.000241	0.000245	0.000245	0.000081	0.000081
542		0.000081	0.000486	0.000245	0.000241	0.000245	0.000245	0.000081	0.000081
545		0.000081	0.000486	0.000245	0.000241	0.000245	0.000245	0.000081	0.000081
548		0.000081	0.000486	0.000245	0.000241	0.000245	0.000245	0.000081	0.000081
551		0.000081	0.000486	0.000245	0.000241	0.000245	0.000245	0.000081	0.000081
554		0.000081	0.000486	0.000245	0.000241	0.000245	0.000245	0.000081	0.000081
557		0.000081	0.000486	0.000245	0.000241	0.000245	0.000245	0.000081	0.000081
560		0.000081	0.000486	0.000245	0.000241	0.000245	0.000245	0.000081	0.000081
563		0.000081	0.000486	0.000245	0.000241	0.000245	0.000245	0.000081	0.000081
566		0.000081	0.000486	0.000245	0.000241	0.000245	0.000245	0.000081	0.000081
569		0.000081	0.000486	0.000245	0.000241	0.000245	0.000245	0.000081	0.000081
572		0.000081	0.000486	0.000245	0.000241	0.000245	0.000245	0.000081	0.000081
575		0.000081	0.000486	0.000245	0.000241	0.000245	0.000245	0.000081	0.000081
578		0.000081	0.000486	0.000245	0.000241	0.000245	0.000245	0.000081	0.000081
581		0.000081	0.000486	0.000245	0.000241	0.000245	0.000245	0.000081	0.000081
584		0.000081	0.000486	0.000245	0.000241	0.000245	0.000245	0.000081	0.000081
587		0.000081	0.000486	0.000245	0.000241	0.000245	0.000245	0.000081	0.000081
590		0.000081	0.000486	0.000245	0.000241	0.000245	0.000245	0.000081	0.000081
593		0.000081	0.000486	0.000245	0.000241	0.000245	0.000245	0.000081	0.000081
596		0.000081	0.000486	0.000245	0.000241	0.000245	0.000245	0.000081	0.000081
599		0.000081	0.000486	0.000245	0.000241	0.000245	0.000245	0.000081	0.000081
602		0.000081	0.000486	0.000245	0.000241	0.000245	0.000245	0.000081	0.000081
605		0.000081	0.000486	0.000245	0.000241	0.000245	0.000245	0.000081	0.000081
608		0.000081	0.000486	0.000245	0.000241	0.000245	0.000245	0.000081	0.000081
611		0.000081	0.000486	0.000245	0.000241	0.000245	0.000245	0.000081	0.000081
614		0.000081	0.000486	0.000245	0.000241	0.000245	0.000245	0.000081	0.000081
617		0.000081	0.000486	0.000245	0.000241	0.000245	0.000245	0.000081	0.000081
620		0.000081	0.000486	0.000245	0.000241	0.000245	0.000245	0.000081	0.000081
623		0.000081	0.000486	0.000245	0.000241	0.000245	0.000245	0.000081	0.000081
626		0.000081	0.000486	0.000245	0.000241	0.000245	0.000245	0.000081	0.000081
629		0.000081	0.000486	0.000245	0.000241	0.000245	0.000245	0.000081	0.000081
632		0.000081	0.000486	0.000245	0.000241	0.000245	0.000245	0.000081	0.000081
635		0.000081	0.000486	0.000245	0.000241	0.000245	0.000245	0.000081	0.000081
638		0.000081	0.000486	0.000245	0.000241	0.000245	0.000245	0.000081	0.000081
641		0.000081	0.000486	0.000245	0.000241	0.000245	0.000245	0.000081	0.000081
644		0.000081	0.000486	0.000245	0.000241	0.000245	0.000245	0.000081	0.000081
647		0.000081	0.000486	0.000245	0.000241	0.000245	0.000245	0.000081	0.000081
650		0.000081	0.000486	0.000245	0.000241	0.000245	0.000245	0.000081	0.000081
653		0.000081	0.000486	0.000245	0.000241	0.000245	0.000245	0.000081	0.000081