x	"NC0"	"NC1"	"NC2"	"NC3"	"NC4"	"NC5"	"NC6"	"NC7"
1		18.279999	14.269997	13.889999	14.339996	15.160004	14.959999	15.309998	14.730003
4		18.279999	14.269997	13.889999	14.339996	15.160004	14.959999	15.309998	14.730003
7		18.279999	14.269997	13.889999	14.339996	15.160004	14.959999	15.309998	14.730003
10		18.279999	14.269997	13.889999	14.339996	15.160004	14.959999	15.309998	14.730003
13		18.279999	14.269997	13.889999	14.339996	15.160004	14.959999	15.309998	14.730003
16		18.279999	14.269997	13.889999	14.339996	15.160004	14.959999	15.309998	14.730003
19		18.279999	14.269997	13.889999	14.339996	15.160004	14.959999	15.309998	14.730003
22		18.279999	14.269997	13.889999	14.339996	15.160004	14.959999	15.309998	14.730003
25		18.279999	14.269997	13.889999	14.339996	15.160004	14.959999	15.309998	14.730003
28		18.279999	14.269997	13.889999	14.339996	15.160004	14.959999	15.309998	14.730003
31		18.279999	14.269997	13.889999	14.339996	15.160004	14.959999	15.309998	14.730003
34		18.279999	14.269997	13.889999	14.339996	15.160004	14.959999	15.309998	14.730003
37		18.279999	14.269997	13.889999	14.339996	15.160004	14.959999	15.309998	14.730003
40		18.279999	14.269997	13.889999	14.339996	15.160004	14.959999	15.309998	14.730003
43		18.279999	14.269997	13.889999	14.339996	15.160004	14.959999	15.309998	14.730003
46		18.279999	14.269997	13.889999	14.339996	15.160004	14.959999	15.309998	14.730003
49		18.279999	14.269997	13.889999	14.339996	15.160004	14.959999	15.309998	14.730003
52		18.279999	14.269997	13.889999	14.339996	15.160004	14.959999	15.309998	14.730003
55		18.279999	14.269997	13.889999	14.339996	15.160004	14.959999	15.309998	14.730003
58		18.279999	14.269997	13.889999	14.339996	15.160004	14.959999	15.309998	14.730003
61		18.279999	14.269997	13.889999	14.339996	15.160004	14.959999	15.309998	14.730003
64		18.279999	14.269997	13.889999	14.339996	15.160004	14.959999	15.309998	14.730003
67		18.279999	14.269997	13.889999	14.339996	15.160004	14.959999	15.309998	14.730003
70		18.279999	14.269997	13.889999	14.339996	15.160004	14.959999	15.309998	14.730003
73		18.279999	14.269997	13.889999	14.339996	15.160004	14.959999	15.309998	14.730003
76		18.279999	14.269997	13.889999	14.339996	15.160004	14.959999	15.309998	14.730003
79		18.279999	14.269997	13.889999	14.339996	15.160004	14.959999	15.309998	14.730003
82		18.279999	14.269997	13.889999	14.339996	15.160004	14.959999	15.309998	14.730003
85		18.279999	14.269997	13.889999	14.339996	15.160004	14.959999	15.309998	14.730003
88		18.279999	14.269997	13.889999	14.339996	15.160004	14.959999	15.309998	14.730003
91		18.279999	14.269997	13.889999	14.339996	15.160004	14.959999	15.309998	14.730003
94		18.279999	14.269997	13.889999	14.339996	15.160004	14.959999	15.309998	14.730003
97		18.279999	14.269997	13.889999	14.339996	15.160004	14.959999	15.309998	14.730003
100		18.279999	14.269997	13.889999	14.339996	15.160004	14.959999	15.309998	14.730003
103		18.279999	14.269997	13.889999	14.339996	15.160004	14.959999	15.309998	14.730003
106		18.279999	14.269997	13.889999	14.339996	15.160004	14.959999	15.309998	14.730003
109		18.279999	14.269997	13.889999	14.339996	15.160004	14.959999	15.309998	14.730003
112		18.279999	14.269997	13.889999	14.339996	15.160004	14.959999	15.309998	14.730003
115		18.279999	14.269997	13.889999	14.339996	15.160004	14.959999	15.309998	14.730003
118		18.279999	14.269997	13.889999	14.339996	15.160004	14.959999	15.309998	14.730003
121		18.279999	14.269997	13.889999	14.339996	15.160004	14.959999	15.309998	14.730003
124		18.279999	14.269997	13.889999	14.339996	15.160004	14.959999	15.309998	14.730003
127		18.279999	14.269997	13.889999	14.339996	15.160004	14.959999	15.309998	14.730003
130		18.279999	14.269997	13.889999	14.339996	15.160004	14.959999	15.309998	14.730003
133		18.279999	14.269997	13.889999	14.339996	15.160004	14.959999	15.309998	14.730003
136		18.279999	14.269997	13.889999	14.339996	15.160004	14.959999	15.309998	14.730003
139		18.279999	14.269997	13.889999	14.339996	15.160004	14.959999	15.309998	14.730003
142		18.279999	14.269997	13.889999	14.339996	15.160004	14.959999	15.309998	14.730003
145		18.279999	14.269997	13.889999	14.339996	15.160004	14.959999	15.309998	14.730003
148		18.279999	14.269997	13.889999	14.339996	15.160004	14.959999	15.309998	14.730003
151		18.279999	14.269997	13.889999	14.339996	15.160004	14.959999	15.309998	14.730003
154		18.279999	14.269997	13.889999	14.339996	15.160004	14.959999	15.309998	14.730003
157		18.279999	14.269997	13.889999	14.339996	15.160004	14.959999	15.309998	14.730003
160		18.279999	14.269997	13.889999	14.339996	15.160004	14.959999	15.309998	14.730003
163		18.279999	14.269997	13.889999	14.339996	15.160004	14.959999	15.309998	14.730003
166		18.279999	14.269997	13.889999	14.339996	15.160004	14.959999	15.309998	14.730003
169		18.279999	14.269997	13.889999	14.339996	15.160004	14.959999	15.309998	14.730003
172		18.279999	14.269997	13.889999	14.339996	15.160004	14.959999	15.309998	14.730003
175		18.279999	14.269997	13.889999	14.339996	15.160004	14.959999	15.309998	14.730003
178		18.279999	14.269997	13.889999	14.339996	15.160004	14.959999	15.309998	14.730003
181		18.279999	14.269997	13.889999	14.339996	15.160004	14.959999	15.309998	14.730003
184		18.279999	14.269997	13.889999	14.339996	15.160004	14.959999	15.309998	14.730003
187		18.279999	14.269997	13.889999	14.339996	15.160004	14.959999	15.309998	14.730003
190		18.279999	14.269997	13.889999	14.339996	15.160004	14.959999	15.309998	14.730003
193		18.279999	14.269997	13.889999	14.339996	15.160004	14.959999	15.309998	14.730003
196		18.279999	14.269997	13.889999	14.339996	15.160004	14.959999	15.309998	14.730003
199		18.279999	14.269997	13.889999	14.339996	15.160004	14.959999	15.309998	14.730003
202		18.279999	14.269997	13.889999	14.339996	15.160004	14.959999	15.309998	14.730003
205		18.279999	14.269997	13.889999	14.339996	15.160004	14.959999	15.309998	14.730003
208		18.279999	14.269997	13.889999	14.339996	15.160004	14.959999	15.309998	14.730003
211		18.279999	14.269997	13.889999	14.339996	15.160004	14.959999	15.309998	14.730003
214		18.279999	14.269997	13.889999	14.339996	15.160004	14.959999	15.309998	14.730003
217		18.279999	14.269997	13.889999	14.339996	15.160004	14.959999	15.309998	14.730003
220		18.279999	14.269997	13.889999	14.339996	15.160004	14.959999	15.309998	14.730003
223		18.279999	14.269997	13.889999	14.339996	15.160004	14.959999	15.309998	14.730003
226		18.279999	14.269997	13.889999	14.339996	15.160004	14.959999	15.309998	14.730003
229		18.279999	14.269997	13.889999	14.339996	15.160004	14.959999	15.309998	14.730003
232		18.279999	14.269997	13.889999	14.339996	15.160004	14.959999	15.309998	14.730003
235		18.279999	14.269997	13.889999	14.339996	15.160004	14.959999	15.309998	14.730003
238		18.279999	14.269997	13.889999	14.339996	15.160004	14.959999	15.309998	14.730003
241		18.279999	14.269997	13.889999	14.339996	15.160004	14.959999	15.309998	14.730003
244		18.279999	14.269997	13.889999	14.339996	15.160004	14.959999	15.309998	14.730003
247		18.279999	14.269997	13.889999	14.339996	15.160004	14.959999	15.309998	14.730003
250		18.279999	14.269997	13.889999	14.339996	15.160004	14.959999	15.309998	14.730003
253		18.279999	14.269997	13.889999	14.339996	15.160004	14.959999	15.309998	14.730003
256		18.279999	14.269997	13.889999	14.339996	15.160004	14.959999	15.309998	14.730003
259		18.279999	14.269997	13.889999	14.339996	15.160004	14.959999	15.309998	14.730003
262		18.279999	14.269997	13.889999	14.339996	15.160004	14.959999	15.309998	14.730003
265		18.279999	14.269997	13.889999	14.339996	15.160004	14.959999	15.309998	14.730003
268		18.279999	14.269997	13.889999	14.339996	15.160004	14.959999	15.309998	14.730003
271		18.279999	14.269997	13.889999	14.339996	15.160004	14.959999	15.309998	14.730003
274		18.279999	14.269997	13.889999	14.339996	15.160004	14.959999	15.309998	14.730003
277		18.279999	14.269997	13.889999	14.339996	15.160004	14.959999	15.309998	14.730003
280		18.279999	14.269997	13.889999	14.339996	15.160004	14.959999	15.309998	14.730003
283		18.279999	14.269997	13.889999	14.339996	15.160004	14.959999	15.309998	14.730003
286		18.279999	14.269997	13.889999	14.339996	15.160004	14.959999	15.309998	14.730003
289		18.279999	14.269997	13.889999	14.339996	15.160004	14.959999	15.309998	14.730003
292		18.279999	14.269997	13.889999	14.339996	15.160004	14.959999	15.309998	14.730003
295		18.279999	14.269997	13.889999	14.339996	15.160004	14.959999	15.309998	14.730003
298		18.279999	14.269997	13.889999	14.339996	15.160004	14.959999	15.309998	14.730003
301		18.279999	14.269997	13.889999	14.339996	15.160004	14.959999	15.309998	14.730003