x	"NC0"	"NC1"	"NC2"	"NC3"	"NC4"	"NC5"	"NC6"	"NC7"
2		0.000081	0.000486	0.000245	0.000241	0.000245	0.000245	0.000081	0.000081
5		0.000081	0.000486	0.000245	0.000241	0.000245	0.000245	0.000081	0.000081
8		0.000081	0.000486	0.000245	0.000241	0.000245	0.000245	0.000081	0.000081
11		0.000081	0.000486	0.000245	0.000241	0.000245	0.000245	0.000081	0.000081
14		0.000081	0.000486	0.000245	0.000241	0.000245	0.000245	0.000081	0.000081
17		0.000081	0.000486	0.000245	0.000241	0.000245	0.000245	0.000081	0.000081
20		0.000081	0.000486	0.000245	0.000241	0.000245	0.000245	0.000081	0.000081
23		0.000081	0.000486	0.000245	0.000241	0.000245	0.000245	0.000081	0.000081
26		0.000081	0.000486	0.000245	0.000241	0.000245	0.000245	0.000081	0.000081
29		0.000081	0.000486	0.000245	0.000241	0.000245	0.000245	0.000081	0.000081
32		0.000081	0.000486	0.000245	0.000241	0.000245	0.000245	0.000081	0.000081
35		0.000081	0.000486	0.000245	0.000241	0.000245	0.000245	0.000081	0.000081
38		0.000081	0.000486	0.000245	0.000241	0.000245	0.000245	0.000081	0.000081
41		0.000081	0.000486	0.000245	0.000241	0.000245	0.000245	0.000081	0.000081
44		0.000081	0.000486	0.000245	0.000241	0.000245	0.000245	0.000081	0.000081
47		0.000081	0.000486	0.000245	0.000241	0.000245	0.000245	0.000081	0.000081
50		0.000081	0.000486	0.000245	0.000241	0.000245	0.000245	0.000081	0.000081
53		0.000081	0.000486	0.000245	0.000241	0.000245	0.000245	0.000081	0.000081
56		0.000081	0.000486	0.000245	0.000241	0.000245	0.000245	0.000081	0.000081
59		0.000081	0.000486	0.000245	0.000241	0.000245	0.000245	0.000081	0.000081
62		0.000081	0.000486	0.000245	0.000241	0.000245	0.000245	0.000081	0.000081
65		0.000081	0.000486	0.000245	0.000241	0.000245	0.000245	0.000081	0.000081
68		0.000081	0.000486	0.000245	0.000241	0.000245	0.000245	0.000081	0.000081
71		0.000081	0.000486	0.000245	0.000241	0.000245	0.000245	0.000081	0.000081
74		0.000081	0.000486	0.000245	0.000241	0.000245	0.000245	0.000081	0.000081
77		0.000081	0.000486	0.000245	0.000241	0.000245	0.000245	0.000081	0.000081
80		0.000081	0.000486	0.000245	0.000241	0.000245	0.000245	0.000081	0.000081
83		0.000081	0.000486	0.000245	0.000241	0.000245	0.000245	0.000081	0.000081
86		0.000081	0.000486	0.000245	0.000241	0.000245	0.000245	0.000081	0.000081
89		0.000081	0.000486	0.000245	0.000241	0.000245	0.000245	0.000081	0.000081
92		0.000081	0.000486	0.000245	0.000241	0.000245	0.000245	0.000081	0.000081
95		0.000081	0.000486	0.000245	0.000241	0.000245	0.000245	0.000081	0.000081
98		0.000081	0.000486	0.000245	0.000241	0.000245	0.000245	0.000081	0.000081
101		0.000081	0.000486	0.000245	0.000241	0.000245	0.000245	0.000081	0.000081
104		0.000081	0.000486	0.000245	0.000241	0.000245	0.000245	0.000081	0.000081
107		0.000081	0.000486	0.000245	0.000241	0.000245	0.000245	0.000081	0.000081
110		0.000081	0.000486	0.000245	0.000241	0.000245	0.000245	0.000081	0.000081
113		0.000081	0.000486	0.000245	0.000241	0.000245	0.000245	0.000081	0.000081
116		0.000081	0.000486	0.000245	0.000241	0.000245	0.000245	0.000081	0.000081
119		0.000081	0.000486	0.000245	0.000241	0.000245	0.000245	0.000081	0.000081
122		0.000081	0.000486	0.000245	0.000241	0.000245	0.000245	0.000081	0.000081
125		0.000081	0.000486	0.000245	0.000241	0.000245	0.000245	0.000081	0.000081
128		0.000081	0.000486	0.000245	0.000241	0.000245	0.000245	0.000081	0.000081
131		0.000081	0.000486	0.000245	0.000241	0.000245	0.000245	0.000081	0.000081
134		0.000081	0.000486	0.000245	0.000241	0.000245	0.000245	0.000081	0.000081
137		0.000081	0.000486	0.000245	0.000241	0.000245	0.000245	0.000081	0.000081
140		0.000081	0.000486	0.000245	0.000241	0.000245	0.000245	0.000081	0.000081
143		0.000081	0.000486	0.000245	0.000241	0.000245	0.000245	0.000081	0.000081
146		0.000081	0.000486	0.000245	0.000241	0.000245	0.000245	0.000081	0.000081
149		0.000081	0.000486	0.000245	0.000241	0.000245	0.000245	0.000081	0.000081
152		0.000081	0.000486	0.000245	0.000241	0.000245	0.000245	0.000081	0.000081
155		0.000081	0.000486	0.000245	0.000241	0.000245	0.000245	0.000081	0.000081
158		0.000081	0.000486	0.000245	0.000241	0.000245	0.000245	0.000081	0.000081
161		0.000081	0.000486	0.000245	0.000241	0.000245	0.000245	0.000081	0.000081
164		0.000081	0.000486	0.000245	0.000241	0.000245	0.000245	0.000081	0.000081
167		0.000081	0.000486	0.000245	0.000241	0.000245	0.000245	0.000081	0.000081
170		0.000081	0.000486	0.000245	0.000241	0.000245	0.000245	0.000081	0.000081
173		0.000081	0.000486	0.000245	0.000241	0.000245	0.000245	0.000081	0.000081
176		0.000081	0.000486	0.000245	0.000241	0.000245	0.000245	0.000081	0.000081
179		0.000081	0.000486	0.000245	0.000241	0.000245	0.000245	0.000081	0.000081
182		0.000081	0.000486	0.000245	0.000241	0.000245	0.000245	0.000081	0.000081
185		0.000081	0.000486	0.000245	0.000241	0.000245	0.000245	0.000081	0.000081
188		0.000081	0.000486	0.000245	0.000241	0.000245	0.000245	0.000081	0.000081
191		0.000081	0.000486	0.000245	0.000241	0.000245	0.000245	0.000081	0.000081
194		0.000081	0.000486	0.000245	0.000241	0.000245	0.000245	0.000081	0.000081
197		0.000081	0.000486	0.000245	0.000241	0.000245	0.000245	0.000081	0.000081
200		0.000081	0.000486	0.000245	0.000241	0.000245	0.000245	0.000081	0.000081
203		0.000081	0.000486	0.000245	0.000241	0.000245	0.000245	0.000081	0.000081
206		0.000081	0.000486	0.000245	0.000241	0.000245	0.000245	0.000081	0.000081
209		0.000081	0.000486	0.000245	0.000241	0.000245	0.000245	0.000081	0.000081
212		0.000081	0.000486	0.000245	0.000241	0.000245	0.000245	0.000081	0.000081
215		0.000081	0.000486	0.000245	0.000241	0.000245	0.000245	0.000081	0.000081
218		0.000081	0.000486	0.000245	0.000241	0.000245	0.000245	0.000081	0.000081
221		0.000081	0.000486	0.000245	0.000241	0.000245	0.000245	0.000081	0.000081
224		0.000081	0.000486	0.000245	0.000241	0.000245	0.000245	0.000081	0.000081
227		0.000081	0.000486	0.000245	0.000241	0.000245	0.000245	0.000081	0.000081
230		0.000081	0.000486	0.000245	0.000241	0.000245	0.000245	0.000081	0.000081
233		0.000081	0.000486	0.000245	0.000241	0.000245	0.000245	0.000081	0.000081
236		0.000081	0.000486	0.000245	0.000241	0.000245	0.000245	0.000081	0.000081
239		0.000081	0.000486	0.000245	0.000241	0.000245	0.000245	0.000081	0.000081
242		0.000081	0.000486	0.000245	0.000241	0.000245	0.000245	0.000081	0.000081
245		0.000081	0.000486	0.000245	0.000241	0.000245	0.000245	0.000081	0.000081
248		0.000081	0.000486	0.000245	0.000241	0.000245	0.000245	0.000081	0.000081
251		0.000081	0.000486	0.000245	0.000241	0.000245	0.000245	0.000081	0.000081
254		0.000081	0.000486	0.000245	0.000241	0.000245	0.000245	0.000081	0.000081
257		0.000081	0.000486	0.000245	0.000241	0.000245	0.000245	0.000081	0.000081
260		0.000081	0.000486	0.000245	0.000241	0.000245	0.000245	0.000081	0.000081
263		0.000081	0.000486	0.000245	0.000241	0.000245	0.000245	0.000081	0.000081
266		0.000081	0.000486	0.000245	0.000241	0.000245	0.000245	0.000081	0.000081
269		0.000081	0.000486	0.000245	0.000241	0.000245	0.000245	0.000081	0.000081
272		0.000081	0.000486	0.000245	0.000241	0.000245	0.000245	0.000081	0.000081
275		0.000081	0.000486	0.000245	0.000241	0.000245	0.000245	0.000081	0.000081
278		0.000081	0.000486	0.000245	0.000241	0.000245	0.000245	0.000081	0.000081
281		0.000081	0.000486	0.000245	0.000241	0.000245	0.000245	0.000081	0.000081
284		0.000081	0.000486	0.000245	0.000241	0.000245	0.000245	0.000081	0.000081
287		0.000081	0.000486	0.000245	0.000241	0.000245	0.000245	0.000081	0.000081
290		0.000081	0.000486	0.000245	0.000241	0.000245	0.000245	0.000081	0.000081
293		0.000081	0.000486	0.000245	0.000241	0.000245	0.000245	0.000081	0.000081
296		0.000081	0.000486	0.000245	0.000241	0.000245	0.000245	0.000081	0.000081
299		0.000081	0.000486	0.000245	0.000241	0.000245	0.000245	0.000081	0.000081
302		0.000081	0.000486	0.000245	0.000241	0.000245	0.000245	0.000081	0.000081