#0       933187
1       194801554
2       18879420
3       16063695
4       13893613
5       13165786
6       13116616
7       12267130
8       134078021
9       9528989
10      8559262
11      7686524
12      6846493
13      6167183
14      5489509
15      4893131
16      4378049
17      3930690
18      3530411
19      3240705
20      2892506
21      2590371
22      2324323
23      2177141
24      1946795
25      1849543
26      1639079
27      1511628
28      1398520
29      1243254
30      1214515
31      1079540
32      969090
33      953936
34      854396
35      803538
36      749878
37      665084
38      623645
39      592404
40      536953
41      550061
42      534947
43      470248
44      522213
45      438486
46      408374
47      360735
48      322936
49      313312
50      288891
51      287536
52      274026
53      270952
54      249062
55      253150
56      213252
57      189945
58      179783
59      192389
60      157065
61      164233
62      148886
63      158028
64      117752
65      121169
66      128033
67      104472
68      97425
69      86940
70      96395
71      79645
72      78660
73      72849
74      73378
75      80684
76      73955
77      60964
78      72355
79      49222
80      51571
81      48513
82      41824
83      42854
84      36052
85      33743
86      42186
87      33670
88      34859
89      28775
90      32296
91      29288
92      26463
93      38019
94      31202
95      27158
96      23063
97      23458
98      21634
99      18347
100     17668
101     18217
102     20799
103     16589
104     16052
105     17691
106     13932
107     12036
108     12854
109     12682
110     10363
111     11193
112     10766
113     10566
114     12507
115     9537
116     8812
117     8233
118     12445
119     10157
120     8664
121     8244
122     10812
123     6798
124     7070
125     6291
126     5343
127     6664
128     6112
129     5471
130     5721
131     8100
132     6333
133     8564
134     7511
135     4620
136     5092
137     6250
138     5770
139     4145
140     3360
141     13733
142     4634
143     5064
144     5707
145     3243
146     2929
147     4896
148     5924
149     2785
150     3712
151     4381
152     2552
153     3150
154     2707
155     5137
156     2161
157     2258
158     2076
159     2033
160     1789
161     2814
162     1661
163     1775
164     3841
165     2264
166     1766
167     1448
168     1492
169     1723
170     1467
171     1111
172     1658
173     1188
174     1275
175     1165
176     1118
177     877
178     962
179     1011
180     806
181     710
182     864
183     750
184     668
185     537
186     607
187     770
188     583
189     618
190     460
191     505
192     408
193     443
194     332
195     287
196     261
197     342
198     307
199     245
200     215
201     887
202     417
203     380
204     938
205     471
206     697
207     258
208     317
209     424
210     287
211     787
212     648
213     661
214     209
215     66
216     42
217     54
218     28
219     20
220     26
221     12
222     18
223     42
224     3
225     6
226     12
227     5
228     10
229     0
230     2
231     5
232     0
233     8
234     35
235     1
236     1
237     2
238     2
239     0
240     0
241     2
242     16
243     6
244     29
245     12
246     31
247     12
248     8
249     0
250     0
251     0
252     5
253     7
254     6
255     0
256     0
257     0
258     0
259     0
260     1
261     6
262     2
263     1