0.0	6518.0	2312.0	2313.0
1.0	6508.0	2309.0	2313.0
2.0	6496.0	2307.0	2313.0
3.0	6477.0	2290.0	2308.0
4.0	6469.0	2289.0	2302.0
5.0	6467.0	2289.0	2290.0
6.0	6467.0	2289.0	2290.0
7.0	6467.0	2289.0	2290.0
8.0	6467.0	2289.0	2290.0
9.0	6467.0	2289.0	2290.0
10.0	6466.0	2289.0	2290.0
11.0	6461.0	2289.0	2290.0
12.0	6437.0	2289.0	2290.0
13.0	6419.0	2285.0	2283.0
14.0	6418.0	2275.0	2270.0
15.0	6418.0	2268.0	2305.0
16.0	6417.0	2303.0	2301.0
17.0	6417.0	2279.0	2284.0
18.0	6417.0	2261.0	2255.0
19.0	6414.0	2255.0	2255.0
20.0	6414.0	2251.0	2255.0
21.0	6417.0	2254.0	2251.0
22.0	6417.0	2254.0	2255.0
23.0	6414.0	2254.0	2255.0
24.0	6412.0	2254.0	2255.0
25.0	6417.0	2250.0	2255.0
26.0	6417.0	2255.0	2250.0
27.0	6416.0	2255.0	2255.0
28.0	6414.0	2250.0	2254.0
29.0	6414.0	2255.0	2251.0
30.0	6411.0	2255.0	2255.0
31.0	6409.0	2253.0	2254.0
32.0	6409.0	2253.0	2254.0
33.0	6478.0	2253.0	2254.0
34.0	6482.0	2250.0	2254.0
35.0	6482.0	2250.0	2255.0
36.0	6482.0	2306.0	2255.0
37.0	6482.0	2312.0	2252.0
38.0	6482.0	2312.0	2252.0
39.0	6482.0	2312.0	2308.0
40.0	6479.0	2312.0	2312.0
41.0	6459.0	2302.0	2311.0
42.0	6456.0	2308.0	2308.0
43.0	6450.0	2303.0	2308.0
44.0	6434.0	2297.0	2306.0
45.0	6413.0	2285.0	2304.0
46.0	6411.0	2285.0	2289.0
47.0	6408.0	2285.0	2286.0
48.0	6408.0	2285.0	2286.0
49.0	6408.0	2285.0	2286.0
50.0	6408.0	2285.0	2286.0
51.0	6408.0	2285.0	2286.0
52.0	6408.0	2285.0	2286.0
53.0	6408.0	2285.0	2286.0
54.0	6408.0	2285.0	2286.0
55.0	6408.0	2285.0	2286.0
56.0	6407.0	2285.0	2286.0
57.0	6407.0	2285.0	2286.0
58.0	6407.0	2285.0	2286.0
59.0	6408.0	2285.0	2286.0
60.0	6408.0	2285.0	2286.0
61.0	6408.0	2285.0	2286.0
62.0	6399.0	2285.0	2286.0
63.0	6395.0	2285.0	2286.0
64.0	6366.0	2285.0	2286.0
65.0	6303.0	2285.0	2286.0
66.0	6289.0	2285.0	2286.0
67.0	6285.0	2285.0	2286.0
68.0	6265.0	2280.0	2277.0
69.0	6265.0	2268.0	2265.0
70.0	6231.0	2264.0	2264.0
71.0	6182.0	2263.0	2258.0
72.0	6181.0	2258.0	2256.0
73.0	6181.0	2255.0	2254.0
74.0	6181.0	2249.0	2245.0
75.0	6181.0	2242.0	2236.0
76.0	6181.0	2236.0	2228.0
77.0	6181.0	2229.0	2228.0
78.0	6178.0	2225.0	2228.0
79.0	6164.0	2202.0	2228.0
80.0	6164.0	2183.0	2222.0
81.0	6162.0	2182.0	2169.0
82.0	6162.0	2030.0	1851.0
83.0	6162.0	1798.0	1716.0
84.0	6162.0	1795.0	1696.0
85.0	6162.0	1767.0	1522.0
86.0	6162.0	1715.0	1522.0
87.0	6162.0	1609.0	1501.0
88.0	6162.0	1583.0	1455.0
89.0	6162.0	1539.0	1437.0
90.0	6162.0	1539.0	1438.0
91.0	6162.0	1539.0	1410.0
92.0	6162.0	1539.0	1410.0
93.0	6137.0	1539.0	1410.0
94.0	6121.0	1539.0	1410.0
95.0	6120.0	1539.0	1410.0
96.0	6278.0	1539.0	1410.0
97.0	6282.0	1538.0	1410.0
98.0	6286.0	1539.0	1407.0
99.0	6286.0	1539.0	1409.0
100.0	6284.0	1539.0	1409.0
101.0	6279.0	1539.0	1409.0
102.0	6283.0	1528.0	1409.0
103.0	6283.0	1539.0	1402.0
104.0	6283.0	1539.0	1406.0
105.0	6282.0	1539.0	1410.0
106.0	6279.0	1539.0	1410.0
107.0	6279.0	1539.0	1410.0
108.0	6432.0	1538.0	1410.0
109.0	6436.0	1535.0	1410.0
110.0	6436.0	1535.0	1410.0
111.0	6436.0	2302.0	1409.0
112.0	6436.0	2306.0	1405.0
113.0	6436.0	2306.0	1406.0
114.0	6436.0	2306.0	2303.0
115.0	6434.0	2306.0	2307.0
116.0	6418.0	2302.0	2296.0
117.0	6414.0	2302.0	2303.0
118.0	6406.0	2302.0	2303.0
119.0	6384.0	2302.0	2303.0
120.0	6365.0	2302.0	2303.0
121.0	6353.0	2302.0	2303.0
122.0	6330.0	2302.0	2303.0
123.0	6304.0	2301.0	2303.0
124.0	6286.0	2298.0	2303.0
125.0	6268.0	2287.0	2303.0
126.0	6250.0	2283.0	2303.0
127.0	6248.0	2275.0	2303.0
128.0	6248.0	2271.0	2303.0
129.0	6246.0	2265.0	2303.0
130.0	6247.0	2248.0	2303.0
131.0	6247.0	2236.0	2299.0
132.0	6247.0	2223.0	2298.0
133.0	6247.0	2206.0	2288.0
134.0	6247.0	2176.0	2285.0
135.0	6248.0	2161.0	2280.0
136.0	6248.0	2145.0	2277.0
137.0	6248.0	2133.0	2274.0
138.0	6242.0	2112.0	2267.0
139.0	6242.0	2108.0	2254.0
140.0	6242.0	2106.0	2234.0
141.0	6240.0	2106.0	2213.0
142.0	6240.0	2106.0	2201.0
143.0	6240.0	2106.0	2171.0
144.0	6240.0	2106.0	2151.0
145.0	6240.0	2106.0	2135.0
146.0	6236.0	2106.0	2113.0
147.0	6229.0	2106.0	2110.0
148.0	6203.0	2106.0	2108.0
149.0	6140.0	2106.0	2108.0
150.0	6134.0	2106.0	2108.0
151.0	6119.0	2106.0	2108.0
152.0	6099.0	2106.0	2108.0
153.0	6075.0	2106.0	2108.0
154.0	6070.0	2106.0	2108.0
155.0	6062.0	2106.0	2108.0
156.0	6047.0	2106.0	2108.0
157.0	6042.0	2106.0	2108.0
158.0	6036.0	2106.0	2108.0
159.0	6033.0	2103.0	2098.0
160.0	6027.0	2083.0	2076.0
161.0	6226.0	2103.0	2106.0