x	"CC"	"NC0"	"NC1"
0		6518.000000	2312.000000	2313.000000
1		6508.000000	2309.000000	2313.000000
2		6496.000000	2307.000000	2313.000000
3		6477.000000	2290.000000	2308.000000
4		6469.000000	2289.000000	2302.000000
5		6467.000000	2289.000000	2290.000000
6		6467.000000	2289.000000	2290.000000
7		6467.000000	2289.000000	2290.000000
8		6467.000000	2289.000000	2290.000000
9		6467.000000	2289.000000	2290.000000
10		6466.000000	2289.000000	2290.000000
11		6461.000000	2289.000000	2290.000000
12		6437.000000	2289.000000	2290.000000
13		6419.000000	2285.000000	2283.000000
14		6418.000000	2275.000000	2270.000000
15		6418.000000	2268.000000	2305.000000
16		6417.000000	2303.000000	2301.000000
17		6417.000000	2279.000000	2284.000000
18		6417.000000	2261.000000	2255.000000
19		6414.000000	2255.000000	2255.000000
20		6414.000000	2251.000000	2255.000000
21		6417.000000	2254.000000	2251.000000
22		6417.000000	2254.000000	2255.000000
23		6414.000000	2254.000000	2255.000000
24		6412.000000	2254.000000	2255.000000
25		6417.000000	2250.000000	2255.000000
26		6417.000000	2255.000000	2250.000000
27		6416.000000	2255.000000	2255.000000
28		6414.000000	2250.000000	2254.000000
29		6414.000000	2255.000000	2251.000000
30		6411.000000	2255.000000	2255.000000
31		6409.000000	2253.000000	2254.000000
32		6409.000000	2253.000000	2254.000000
33		6478.000000	2253.000000	2254.000000
34		6482.000000	2250.000000	2254.000000
35		6482.000000	2250.000000	2255.000000
36		6482.000000	2306.000000	2255.000000
37		6482.000000	2312.000000	2252.000000
38		6482.000000	2312.000000	2252.000000
39		6482.000000	2312.000000	2308.000000
40		6479.000000	2312.000000	2312.000000
41		6459.000000	2302.000000	2311.000000
42		6456.000000	2308.000000	2308.000000
43		6450.000000	2303.000000	2308.000000
44		6434.000000	2297.000000	2306.000000
45		6413.000000	2285.000000	2304.000000
46		6411.000000	2285.000000	2289.000000
47		6408.000000	2285.000000	2286.000000
48		6408.000000	2285.000000	2286.000000
49		6408.000000	2285.000000	2286.000000
50		6408.000000	2285.000000	2286.000000
51		6408.000000	2285.000000	2286.000000
52		6408.000000	2285.000000	2286.000000
53		6408.000000	2285.000000	2286.000000
54		6408.000000	2285.000000	2286.000000
55		6408.000000	2285.000000	2286.000000
56		6407.000000	2285.000000	2286.000000
57		6407.000000	2285.000000	2286.000000
58		6407.000000	2285.000000	2286.000000
59		6408.000000	2285.000000	2286.000000
60		6408.000000	2285.000000	2286.000000
61		6408.000000	2285.000000	2286.000000
62		6399.000000	2285.000000	2286.000000
63		6395.000000	2285.000000	2286.000000
64		6366.000000	2285.000000	2286.000000
65		6303.000000	2285.000000	2286.000000
66		6289.000000	2285.000000	2286.000000
67		6285.000000	2285.000000	2286.000000
68		6265.000000	2280.000000	2277.000000
69		6265.000000	2268.000000	2265.000000
70		6231.000000	2264.000000	2264.000000
71		6182.000000	2263.000000	2258.000000
72		6181.000000	2258.000000	2256.000000
73		6181.000000	2255.000000	2254.000000
74		6181.000000	2249.000000	2245.000000
75		6181.000000	2242.000000	2236.000000
76		6181.000000	2236.000000	2228.000000
77		6181.000000	2229.000000	2228.000000
78		6178.000000	2225.000000	2228.000000
79		6164.000000	2202.000000	2228.000000
80		6164.000000	2183.000000	2222.000000
81		6162.000000	2182.000000	2169.000000
82		6162.000000	2030.000000	1851.000000
83		6162.000000	1798.000000	1716.000000
84		6162.000000	1795.000000	1696.000000
85		6162.000000	1767.000000	1522.000000
86		6162.000000	1715.000000	1522.000000
87		6162.000000	1609.000000	1501.000000
88		6162.000000	1583.000000	1455.000000
89		6162.000000	1539.000000	1437.000000
90		6162.000000	1539.000000	1438.000000
91		6162.000000	1539.000000	1410.000000
92		6162.000000	1539.000000	1410.000000
93		6137.000000	1539.000000	1410.000000
94		6121.000000	1539.000000	1410.000000
95		6120.000000	1539.000000	1410.000000
96		6278.000000	1539.000000	1410.000000
97		6282.000000	1538.000000	1410.000000
98		6286.000000	1539.000000	1407.000000
99		6286.000000	1539.000000	1409.000000
100		6284.000000	1539.000000	1409.000000
101		6279.000000	1539.000000	1409.000000
102		6283.000000	1528.000000	1409.000000
103		6283.000000	1539.000000	1402.000000
104		6283.000000	1539.000000	1406.000000
105		6282.000000	1539.000000	1410.000000
106		6279.000000	1539.000000	1410.000000
107		6279.000000	1539.000000	1410.000000
108		6432.000000	1538.000000	1410.000000
109		6436.000000	1535.000000	1410.000000
110		6436.000000	1535.000000	1410.000000
111		6436.000000	2302.000000	1409.000000
112		6436.000000	2306.000000	1405.000000
113		6436.000000	2306.000000	1406.000000
114		6436.000000	2306.000000	2303.000000
115		6434.000000	2306.000000	2307.000000
116		6418.000000	2302.000000	2296.000000
117		6414.000000	2302.000000	2303.000000
118		6406.000000	2302.000000	2303.000000
119		6384.000000	2302.000000	2303.000000
120		6365.000000	2302.000000	2303.000000
121		6353.000000	2302.000000	2303.000000
122		6330.000000	2302.000000	2303.000000
123		6304.000000	2301.000000	2303.000000
124		6286.000000	2298.000000	2303.000000
125		6268.000000	2287.000000	2303.000000
126		6250.000000	2283.000000	2303.000000
127		6248.000000	2275.000000	2303.000000
128		6248.000000	2271.000000	2303.000000
129		6246.000000	2265.000000	2303.000000
130		6247.000000	2248.000000	2303.000000
131		6247.000000	2236.000000	2299.000000
132		6247.000000	2223.000000	2298.000000
133		6247.000000	2206.000000	2288.000000
134		6247.000000	2176.000000	2285.000000
135		6248.000000	2161.000000	2280.000000
136		6248.000000	2145.000000	2277.000000
137		6248.000000	2133.000000	2274.000000
138		6242.000000	2112.000000	2267.000000
139		6242.000000	2108.000000	2254.000000
140		6242.000000	2106.000000	2234.000000
141		6240.000000	2106.000000	2213.000000
142		6240.000000	2106.000000	2201.000000
143		6240.000000	2106.000000	2171.000000
144		6240.000000	2106.000000	2151.000000
145		6240.000000	2106.000000	2135.000000
146		6236.000000	2106.000000	2113.000000
147		6229.000000	2106.000000	2110.000000
148		6203.000000	2106.000000	2108.000000
149		6140.000000	2106.000000	2108.000000
150		6134.000000	2106.000000	2108.000000
151		6119.000000	2106.000000	2108.000000
152		6099.000000	2106.000000	2108.000000
153		6075.000000	2106.000000	2108.000000
154		6070.000000	2106.000000	2108.000000
155		6062.000000	2106.000000	2108.000000
156		6047.000000	2106.000000	2108.000000
157		6042.000000	2106.000000	2108.000000
158		6036.000000	2106.000000	2108.000000
159		6033.000000	2103.000000	2098.000000
160		6027.000000	2083.000000	2076.000000
161		6226.000000	2103.000000	2106.000000